TICKER,FECHA,APERTURA,MAXIMO,MINIMO,ULTIMO,VOLUMEN
AENA	10/02/15	-6,54	-6,54	-6,54	-6,54	0
AENA	11/02/15	58,56	63,66	58,46	63,46	16216420
AENA	12/02/15	63,21	67,16	62,66	63,46	3978880
AENA	13/02/15	63,96	67,46	62,67	67,46	1538493
AENA	16/02/15	65,46	66,96	63,9	65,96	626249
AENA	17/02/15	66,53	68,73	65,66	68,36	1359790
AENA	18/02/15	68,86	70,96	68,51	70,33	984992
AENA	19/02/15	70	70,61	68,54	70,61	667335
AENA	20/02/15	69,96	71,46	69,65	71,46	375041
AENA	23/02/15	71,24	72,91	71,23	71,23	465583
AENA	24/02/15	71,96	72,07	69,06	70,96	701988
AENA	25/02/15	71,57	71,74	69,96	71,59	863773
AENA	27/02/15	74,36	77,14	74,1	76,52	5844231
AENA	02/03/15	76,46	76,96	75,7	75,96	525402
AENA	03/03/15	76,11	76,36	74,97	75,46	667054
AENA	04/03/15	76,03	77,06	75,08	76,94	256050
AENA	05/03/15	77,35	79,44	76,34	78,07	628394
AENA	06/03/15	78,26	78,56	76,96	78,36	491783
AENA	09/03/15	78,16	78,56	77,16	78,51	311251
AENA	10/03/15	78,02	78,46	75,61	76,46	635914
AENA	11/03/15	75,51	76,07	72,56	73,9	1220779
AENA	12/03/15	73,96	75,12	72,07	74,76	1008922
AENA	13/03/15	75,31	76,46	74,61	74,96	313319
AENA	16/03/15	75,58	75,58	73,66	73,96	254159
AENA	17/03/15	73,77	74,35	72,96	73,46	313011
AENA	18/03/15	73,11	73,51	72,46	73,4	427700
AENA	19/03/15	73,41	73,46	71,97	72,56	315765
AENA	20/03/15	73,07	74,41	72,72	73,71	718826
AENA	23/03/15	73,96	75,46	73,76	74,26	89020
AENA	24/03/15	74,44	76,41	73,72	75,41	396547
AENA	25/03/15	75,14	76,14	73,81	73,81	836227
AENA	26/03/15	73,65	74,44	73,11	74,12	507307
AENA	27/03/15	75,06	77,96	74,16	77,46	814338
AENA	30/03/15	77,71	83,16	77,71	82,96	633958
AENA	31/03/15	82,96	87,34	82,87	86,97	815108
AENA	01/04/15	86,96	91,76	85,97	90,95	668166
AENA	02/04/15	91,46	97,66	91,46	93,06	551833
AENA	07/04/15	93,36	93,46	90,41	91,41	252690
AENA	08/04/15	91,43	91,86	86,56	88,36	566136
AENA	09/04/15	88,56	89,41	87,36	87,96	918398
AENA	10/04/15	88,96	92,88	88,06	92,88	516120
AENA	13/04/15	91,65	92,74	91,26	91,96	678232
AENA	14/04/15	90,46	90,7	84,46	86,07	1468249
AENA	15/04/15	85,96	86,43	83,77	83,83	585780
AENA	16/04/15	84,26	84,46	82,47	83,66	321756
AENA	17/04/15	83,61	84,41	81,66	83,96	389345
AENA	20/04/15	84,36	85,36	81,46	81,96	248050
AENA	21/04/15	82,84	83,95	81,76	83,16	339101
AENA	22/04/15	82,95	83,11	80,46	81,96	202698
AENA	23/04/15	81,96	82,02	79,49	80,11	300397
AENA	24/04/15	80,7	80,7	79,26	79,56	245331
AENA	27/04/15	79,9	83,29	79,66	82,41	412683
AENA	29/04/15	81,66	81,94	74,21	76,01	890380
AENA	30/04/15	76,95	78,22	76,21	77,37	397016
AENA	04/05/15	78,92	82,36	78,62	81,98	551743
AENA	05/05/15	81,77	82,61	79,36	79,91	537823
AENA	06/05/15	80,46	82,08	78,48	80,43	502072
AENA	07/05/15	80,21	81,95	74,12	79,22	576792
AENA	08/05/15	80,66	81,31	78,86	80,96	325739
AENA	11/05/15	81,17	83,46	80,51	81,81	347031
AENA	12/05/15	81,46	82,47	81,26	82,06	393119
AENA	13/05/15	82,46	83,35	81,82	82,62	235041
AENA	14/05/15	83,56	87,86	83,46	87,22	425085
AENA	15/05/15	87,22	88,26	86,61	87,76	272345
AENA	18/05/15	88,34	89,11	86,92	88,16	362333
AENA	19/05/15	88,46	89,44	87,62	87,81	419129
AENA	20/05/15	88,23	89,3	85,67	86,74	499069
AENA	21/05/15	86,74	88,46	85,86	86,76	383594
AENA	22/05/15	86,72	87,91	85,71	85,71	308304
AENA	25/05/15	86,61	86,61	83,46	83,76	257446
AENA	26/05/15	84,21	87,35	83,01	84,97	582153
AENA	27/05/15	84,77	88,44	84,11	88,25	490104
AENA	28/05/15	88,46	90,46	87,61	90,21	331588
AENA	29/05/15	89,46	89,91	86,16	88,86	1028852
AENA	01/06/15	89,01	89,22	86,56	88,86	283031
AENA	02/06/15	88,72	88,72	87,2	87,46	353027
AENA	03/06/15	88,24	89,46	87,71	88,73	411653
AENA	04/06/15	87,55	88,61	87,06	87,82	254041
AENA	05/06/15	87,69	89,41	86,99	87,67	229027
AENA	08/06/15	86,96	88,75	86,31	87,44	182061
AENA	09/06/15	87,03	89,26	86,87	88,48	548678
AENA	10/06/15	87,46	90,27	87,46	88,95	346171
AENA	11/06/15	89,31	90,66	88,64	89,36	335809
AENA	12/06/15	88,86	89,65	87,86	88,15	213480
AENA	15/06/15	87,33	88,26	86,61	86,61	343522
AENA	16/06/15	86,26	89,46	86,16	89,21	430362
AENA	17/06/15	89,51	89,51	87,11	87,23	224822
AENA	18/06/15	86,86	86,86	85,27	85,81	445483
AENA	19/06/15	85,47	89,35	85,47	88,21	4167540
AENA	22/06/15	89,46	90,34	88,92	89,36	460003
AENA	23/06/15	89,73	90,19	88,38	89,01	402639
AENA	24/06/15	89,06	89,14	87,56	88,71	370111
AENA	25/06/15	87,21	87,49	86,15	86,56	436697
AENA	26/06/15	85,82	88,16	85,61	87,86	421990
AENA	29/06/15	83,66	86,86	81,46	85,96	685799
AENA	30/06/15	85,86	88,96	85,02	87,2	836511
AENA	01/07/15	87,41	88,4	85,98	86,51	767693
AENA	02/07/15	86,72	86,78	83,54	84,24	739548
AENA	03/07/15	85,11	88,46	85,11	87,55	409238
AENA	06/07/15	85,89	88,96	85,07	87,96	345652
AENA	07/07/15	87,96	88,45	85,31	85,7	373114
AENA	08/07/15	85,97	87,68	85,01	87,22	639770
AENA	09/07/15	87,46	88,51	87,14	87,51	470850
AENA	10/07/15	89,16	90,14	88,73	89,16	512307
AENA	13/07/15	90,19	92,02	89,67	91,63	253620
AENA	14/07/15	92,2	92,76	91,3	92,38	342154
AENA	15/07/15	92,61	94,96	92,46	93,81	565163
AENA	16/07/15	94,61	94,91	92,89	93,26	269490
AENA	17/07/15	93,71	93,71	92,26	92,69	336992
AENA	20/07/15	92,36	92,94	91,17	91,86	210681
AENA	21/07/15	92,18	92,94	91,12	91,46	2316415
AENA	22/07/15	91,24	92,96	90,96	91,46	403916
AENA	23/07/15	91,46	91,74	90,51	91,21	2968728
AENA	24/07/15	91,01	93,36	90,93	92,96	1100615
AENA	27/07/15	92,96	96,91	92,96	95,01	1616526
AENA	28/07/15	94,76	97,06	94,36	96,76	319306
AENA	29/07/15	97,76	98,46	93,91	94,26	338449
AENA	30/07/15	94,66	96,76	93,46	93,76	238356
AENA	31/07/15	94,36	94,86	93,46	93,86	207875
AENA	03/08/15	93,71	98,36	93,66	97,46	159577
AENA	04/08/15	97,41	98,26	96,56	98,16	636869
AENA	05/08/15	98,46	100,06	97,56	97,56	406554
AENA	06/08/15	97,66	99,11	96,91	97,71	448810
AENA	07/08/15	97,46	98,36	96,61	96,86	556626
AENA	10/08/15	97,66	98,66	95,46	97,81	576334
AENA	11/08/15	97,91	98,41	96,16	97,11	577020
AENA	12/08/15	96,46	97,61	95,66	96,96	436684
AENA	13/08/15	98,16	98,36	96,56	96,86	964829
AENA	14/08/15	97,06	100,16	96,96	99,61	632877
AENA	17/08/15	100,26	100,71	98,61	99,36	494431
AENA	18/08/15	99,46	101,76	99,26	100,01	519502
AENA	19/08/15	99,76	100,16	98,51	98,51	275141
AENA	20/08/15	98,21	98,96	94,96	95,51	454417
AENA	21/08/15	94,46	95,31	92,44	92,8	756220
AENA	24/08/15	90,17	92,59	89,13	91,02	864458
AENA	25/08/15	91,72	94,71	91,45	93,46	503963
AENA	26/08/15	92,46	94,01	91,96	93,24	514245
AENA	27/08/15	94,76	95,11	93,41	94,81	186500
AENA	28/08/15	94,81	95,41	94,26	95,36	343818
AENA	31/08/15	94,96	95,96	94,16	95,96	185842
AENA	01/09/15	94,71	94,96	92,22	93,46	286529
AENA	02/09/15	93,61	94,26	92,98	93,46	349057
AENA	03/09/15	93,66	94,36	93,61	93,81	343660
AENA	04/09/15	92,96	93,46	92,26	93,41	284367
AENA	07/09/15	93,91	94,16	92,36	92,49	249763
AENA	08/09/15	92,75	93,51	92,23	92,35	260990
AENA	09/09/15	94,01	94,01	92,36	92,36	229774
AENA	10/09/15	92,11	93,46	91,19	91,89	317470
AENA	11/09/15	92,39	92,96	91,57	92,3	386471
AENA	14/09/15	92,46	94,11	92,16	93,46	276165
AENA	15/09/15	93,46	94,01	92,77	93,25	284119
AENA	16/09/15	93,45	93,81	93,04	93,21	408897
AENA	17/09/15	93,46	96,71	93,01	95,71	294138
AENA	18/09/15	95,11	95,86	93,46	94,61	514554
AENA	21/09/15	94,46	95,06	93,96	94,51	262019
AENA	22/09/15	94,31	94,46	91,31	92,56	393822
AENA	23/09/15	92,31	92,67	90,14	90,79	317542
AENA	24/09/15	90,58	91,42	89,32	90,21	164828
AENA	25/09/15	91,19	92,94	90,74	92,36	252874
AENA	28/09/15	91,92	93,26	91,71	92,31	165809
AENA	29/09/15	91,28	92,42	90,49	90,76	259739
AENA	30/09/15	91,93	92,28	90,72	92,21	697974
AENA	01/10/15	93,21	96,31	92,91	93,91	282839
AENA	02/10/15	94,56	94,81	93,19	93,46	333047
AENA	05/10/15	94,66	97,11	94,36	96,51	342889
AENA	06/10/15	96,76	97,31	95,81	96,46	257819
AENA	07/10/15	97,06	97,41	96,06	96,41	166024
AENA	08/10/15	96,56	98,76	96,51	98,46	203417
AENA	09/10/15	98,96	98,96	94,26	94,66	318481
AENA	12/10/15	94,66	95,01	93,34	94,56	209117
AENA	13/10/15	94,66	96,81	94,51	95,66	203090
AENA	14/10/15	95,61	96,21	94,81	95,41	282366
AENA	15/10/15	96,21	97,01	95,56	96,71	244756
AENA	16/10/15	97,51	97,81	96,96	97,46	235343
AENA	19/10/15	97,21	98,31	97,01	97,21	116971
AENA	20/10/15	97,31	97,66	96,71	96,96	244721
AENA	21/10/15	97,46	98,31	96,31	96,96	198611
AENA	22/10/15	96,96	97,21	95,86	96,21	368513
AENA	23/10/15	96,56	96,86	95,86	96,11	343397
AENA	26/10/15	96,26	96,41	95,71	96,06	300286
AENA	27/10/15	96,11	96,86	95,71	95,71	327578
AENA	28/10/15	95,61	96,06	94,16	94,51	269622
AENA	29/10/15	94,56	94,96	93,14	94,91	187692
AENA	30/10/15	95,51	95,96	94,01	94,96	409141
AENA	02/11/15	94,01	95,06	93,66	94,01	221472
AENA	03/11/15	93,71	94,31	93,46	93,71	184199
AENA	04/11/15	93,86	94,51	92,27	92,36	292155
AENA	05/11/15	92,43	95,36	92,43	93,66	441175
AENA	06/11/15	93,86	95,01	93,26	94,81	166809
AENA	09/11/15	94,56	94,86	92,61	93,01	284120
AENA	10/11/15	93,46	93,66	92,58	93,46	250387
AENA	11/11/15	93,86	94,76	93,61	93,86	572111
AENA	12/11/15	94,36	94,46	93,09	93,81	185295
AENA	13/11/15	93,81	94,41	93,08	94,41	462426
AENA	16/11/15	93,56	95,41	92,87	95,26	248351
AENA	17/11/15	95,91	98,21	95,56	97,96	315852
AENA	18/11/15	97,51	98,06	96,96	97,46	386523
AENA	19/11/15	98,06	98,41	97,86	97,91	192980
AENA	20/11/15	98,96	99,46	97,66	98,81	195775
AENA	23/11/15	98,46	100,41	98,36	100,01	255244
AENA	24/11/15	99,71	99,71	95,66	96,76	605211
AENA	25/11/15	96,81	97,21	95,86	96,46	281024
AENA	26/11/15	96,61	97,91	95,76	97,91	182473
AENA	27/11/15	97,81	97,86	96,71	97,61	155434
AENA	30/11/15	97,26	100,86	97,26	100,81	558264
AENA	01/12/15	100,86	101,26	98,86	99,26	249535
AENA	02/12/15	99,61	100,26	98,01	98,16	266588
AENA	03/12/15	98,46	99,91	96,41	97,51	176469
AENA	04/12/15	96,61	98,21	95,81	98,11	146848
AENA	07/12/15	98,36	99,01	97,96	98,56	260668
AENA	08/12/15	98,76	98,86	97,91	98,46	268978
AENA	09/12/15	98,91	99,11	97,81	98,96	384599
AENA	10/12/15	98,41	99,71	97,71	99,66	380657
AENA	11/12/15	99,66	99,91	97,66	98,16	284281
AENA	14/12/15	99,11	100,16	98,31	98,56	256826
AENA	15/12/15	98,71	100,36	98,66	100,06	189631
AENA	16/12/15	99,86	103,46	99,41	101,41	819633
AENA	17/12/15	102,96	104,21	102,56	103,56	315580
AENA	18/12/15	103,16	103,51	101,21	102,41	315287
AENA	21/12/15	98,96	98,96	94,76	94,76	724734
AENA	22/12/15	94,96	95,21	91,57	94,81	684933
AENA	23/12/15	95,91	98,66	95,91	97,66	255663
AENA	24/12/15	97,96	98,06	95,86	97,96	86018
AENA	28/12/15	97,66	97,96	96,71	97,46	735518
AENA	29/12/15	97,76	99,21	97,71	98,71	118259
AENA	30/12/15	98,81	99,66	98,76	99,26	184973
AENA	31/12/15	98,86	101,36	98,46	98,86	73992
AENA	04/01/16	98,16	98,81	96,51	97,61	591795
AENA	05/01/16	98,56	99,56	97,96	98,21	163637
AENA	06/01/16	98,41	99,01	96,56	97,66	174501
AENA	07/01/16	95,76	96,21	94,56	95,81	264618
AENA	08/01/16	95,81	97,26	95,66	96,76	321994
AENA	11/01/16	96,36	96,86	94,21	96,26	778863
AENA	12/01/16	96,01	97,91	95,51	96,61	173799
AENA	13/01/16	97,31	97,41	95,56	96,21	420892
AENA	14/01/16	95,86	95,96	92,99	94,66	552304
AENA	15/01/16	94,46	94,81	90,89	92,2	276254
AENA	18/01/16	92	93,46	91,68	92,31	503298
AENA	19/01/16	94,11	94,66	92,49	94,61	340476
AENA	20/01/16	92,76	93,86	89,52	90,1	527855
AENA	21/01/16	90,46	92,92	90,29	92,59	304392
AENA	22/01/16	93,96	95,71	93,76	94,71	1199513
AENA	25/01/16	95,56	95,56	93,71	94,56	144859
AENA	26/01/16	92,86	94,21	92,71	93,91	345663
AENA	27/01/16	93,46	94,66	93,11	94,66	137210
AENA	28/01/16	93,66	95,31	92,16	92,87	200298
AENA	29/01/16	93,86	95,71	93,28	95,71	498601
AENA	01/02/16	96,26	97,26	96,06	97,01	284135
AENA	02/02/16	96,56	97,26	96,01	96,86	1510866
AENA	03/02/16	96,41	97,36	94,66	95,06	550857
AENA	04/02/16	96,51	96,51	94,26	95,21	665707
AENA	05/02/16	95,51	97,21	94,41	94,61	324697
AENA	08/02/16	95,41	95,41	90,54	91,3	826467
AENA	09/02/16	90,64	92,25	88,03	89,09	652210
AENA	10/02/16	90,31	92,08	89,09	91,1	356140
AENA	11/02/16	90,06	90,55	87,53	87,53	444543
AENA	12/02/16	88,84	89,02	86,45	89,02	863125
AENA	15/02/16	90,56	92,48	90,54	91,45	198705
AENA	16/02/16	92,52	92,56	90,5	91,91	230393
AENA	17/02/16	92,39	93,76	91,56	93,56	1421668
AENA	18/02/16	94,86	96,16	94,26	95,61	325522
AENA	19/02/16	95,61	97,11	95,36	96,81	554837
AENA	22/02/16	97,71	99,61	97,21	98,76	758957
AENA	23/02/16	99,21	99,61	97,76	98,21	332518
AENA	24/02/16	98,71	98,71	95,86	96,61	858412
AENA	25/02/16	97,61	98,81	97,61	97,86	670841
AENA	26/02/16	98,66	98,66	97,46	97,71	825535
AENA	29/02/16	97,71	98,16	97,36	98,16	582757
AENA	01/03/16	97,96	99,61	97,81	99,11	308756
AENA	02/03/16	99,46	99,51	97,76	98,26	338861
AENA	03/03/16	98,51	98,71	97,06	97,26	967541
AENA	04/03/16	97,51	98,16	96,61	97,31	1098934
AENA	07/03/16	97,46	97,71	96,66	97,01	180951
AENA	08/03/16	95,96	96,51	94,71	95,96	530215
AENA	09/03/16	96,46	98,11	96,46	97,46	632548
AENA	10/03/16	97,96	100,26	96,76	97,06	569777
AENA	11/03/16	98,66	99,21	98,11	99,01	762318
AENA	14/03/16	99,46	101,51	99,31	101,51	295562
AENA	15/03/16	101,01	102,41	100,86	102,41	1013178
AENA	16/03/16	101,86	103,26	101,46	102,91	438566
AENA	17/03/16	103,96	104,51	102,46	104,51	1107082
AENA	18/03/16	104,36	106,31	104,06	106,26	373426
AENA	21/03/16	106,16	107,21	105,46	106,51	177727
AENA	22/03/16	105,76	106,96	103,86	106,96	1034983
AENA	23/03/16	107,31	108,66	107,26	108,06	212051
AENA	24/03/16	107,41	108,06	106,56	107,86	176673
AENA	29/03/16	107,86	108,31	106,66	107,41	239610
AENA	30/03/16	108,46	109,46	107,56	107,71	324735
AENA	31/03/16	107,46	107,46	106,11	106,91	1568982
AENA	01/04/16	106,36	106,86	105,06	106,31	311328
AENA	04/04/16	106,66	108,46	106,01	106,56	1985715
AENA	05/04/16	105,36	108,06	105,16	107,86	284715
AENA	06/04/16	108,26	110,46	107,46	110,31	327778
AENA	07/04/16	110,61	111,06	108,16	108,46	1257433
AENA	08/04/16	109,06	111,51	109,06	110,96	314863
AENA	11/04/16	111,06	112,56	110,71	111,66	395518
AENA	12/04/16	111,46	112,21	110,46	111,96	851404
AENA	13/04/16	112,96	115,01	112,41	114,51	568489
AENA	14/04/16	114,76	114,81	113,51	113,81	274221
AENA	15/04/16	114,01	114,46	113,11	114,01	544160
AENA	18/04/16	112,86	114,61	112,51	113,81	329120
AENA	19/04/16	113,96	115,06	113,46	114,51	253164
AENA	20/04/16	114,61	116,46	114,11	114,66	343268
AENA	21/04/16	115,46	115,46	113,21	114,01	195418
AENA	22/04/16	113,46	114,01	112,71	112,86	388229
AENA	25/04/16	113,36	114,91	112,96	114,16	283858
AENA	26/04/16	115,06	115,81	114,26	114,36	639673
AENA	27/04/16	115,46	121,11	115,46	116,41	720938
AENA	28/04/16	117,16	119,41	116,71	118,71	411802
AENA	29/04/16	117,91	118,86	117,56	118,01	533118
AENA	02/05/16	117,16	118,81	116,81	118,11	187238
AENA	03/05/16	117,86	118,26	116,81	117,76	231221
AENA	04/05/16	117,16	117,81	116,51	116,86	207951
AENA	05/05/16	116,96	117,96	116,86	117,21	165582
AENA	06/05/16	116,46	117,41	115,66	116,11	203838
AENA	09/05/16	116,26	117,56	115,86	116,56	191127
AENA	10/05/16	117,26	117,76	116,31	117,16	225804
AENA	11/05/16	117,06	117,06	115,31	115,36	240567
AENA	12/05/16	115,11	115,51	114,46	115,21	202272
AENA	13/05/16	115,06	115,41	113,91	115,11	191746
AENA	16/05/16	115,01	115,66	113,66	115,51	108764
AENA	17/05/16	115,91	116,26	114,66	114,86	179135
AENA	18/05/16	114,61	116,01	114,31	115,71	194139
AENA	19/05/16	115,66	115,86	114,11	114,51	204856
AENA	20/05/16	114,96	116,16	114,81	115,96	93322
AENA	23/05/16	116,21	117,01	115,71	116,76	153942
AENA	24/05/16	116,66	118,61	116,31	118,06	226329
AENA	25/05/16	118,76	118,96	113,06	113,21	434553
AENA	26/05/16	113,21	114,56	113,16	114,51	258312
AENA	27/05/16	114,66	115,51	114,01	115,46	154940
AENA	30/05/16	115,31	115,66	114,41	114,46	78365
AENA	31/05/16	114,71	115,31	114,11	114,81	251287
AENA	01/06/16	114,76	114,96	113,26	113,96	184991
AENA	02/06/16	114,16	114,56	113,36	113,61	205444
AENA	03/06/16	113,86	114,36	113,31	113,71	141477
AENA	06/06/16	113,91	115,46	113,31	113,46	204851
AENA	07/06/16	114,31	115,31	113,91	114,96	210116
AENA	08/06/16	114,81	115,01	114,16	114,86	176831
AENA	09/06/16	115,01	115,66	114,81	115,41	159805
AENA	10/06/16	114,96	115,11	112,56	112,71	246534
AENA	13/06/16	111,61	111,96	109,66	109,66	277228
AENA	14/06/16	109,06	109,36	107,86	108,61	217787
AENA	15/06/16	109,21	110,36	108,16	109,41	233690
AENA	16/06/16	107,66	109,91	107,21	108,51	211059
AENA	17/06/16	108,66	111,01	108,56	111,01	295489
AENA	20/06/16	112,91	114,96	112,46	113,26	181427
AENA	21/06/16	113,96	113,96	112,21	112,51	238506
AENA	22/06/16	113,26	113,66	112,01	112,56	150566
AENA	23/06/16	112,91	113,61	111,86	112,91	230620
AENA	24/06/16	98,46	109,41	98,46	103,46	642083
AENA	27/06/16	110,16	110,16	100,61	100,96	586193
AENA	28/06/16	109,81	109,81	103,01	108,06	488018
AENA	29/06/16	108,46	112,56	107,96	112,31	409058
AENA	30/06/16	114,17	114,47	112,07	114,42	427470
AENA	01/07/16	115,42	116,32	114,47	115,07	220168
AENA	04/07/16	115,82	115,92	113,77	115,12	119629
AENA	05/07/16	114,17	115,92	113,92	115,22	264036
AENA	06/07/16	114,67	115,67	113,82	114,57	263048
AENA	07/07/16	115,77	117,17	115,72	116,37	254694
AENA	08/07/16	116,67	120,47	116,17	119,57	289630
AENA	11/07/16	121,37	121,97	120,42	121,67	182491
AENA	12/07/16	121,67	122,17	119,92	120,22	218159
AENA	13/07/16	120,17	121,37	119,22	120,42	217147
AENA	14/07/16	121,42	121,57	119,97	120,52	146605
AENA	15/07/16	120,52	121,27	119,77	120,97	117088
AENA	18/07/16	120,67	121,82	120,32	121,52	152571
AENA	19/07/16	120,97	123,47	120,77	123,47	240011
AENA	20/07/16	124,17	124,87	123,47	124,57	225943
AENA	21/07/16	125,02	125,02	122,37	124,42	196422
AENA	22/07/16	124,02	124,67	123,02	123,72	152215
AENA	25/07/16	123,72	125,27	123,57	124,37	231378
AENA	26/07/16	124,22	124,62	123,32	123,52	113400
AENA	27/07/16	124,87	126,02	123,32	123,67	192669
AENA	28/07/16	123,57	124,97	122,97	122,97	191573
AENA	29/07/16	123,92	125,17	123,42	125,17	205491
AENA	01/08/16	125,47	126,97	125,02	125,02	122095
AENA	02/08/16	124,97	125,07	123,52	123,87	186621
AENA	03/08/16	124,52	124,77	123,27	123,37	192403
AENA	04/08/16	124,17	124,37	122,57	123,77	119103
AENA	05/08/16	124,47	125,87	124,47	125,17	220767
AENA	08/08/16	125,02	125,87	124,02	124,12	143911
AENA	09/08/16	123,92	125,87	123,62	125,87	156141
AENA	10/08/16	124,97	125,17	124,07	124,42	140722
AENA	11/08/16	125,12	125,32	124,27	124,82	98575
AENA	12/08/16	124,72	125,32	124,52	125,07	107166
AENA	15/08/16	124,92	125,37	124,62	125,17	126035
AENA	16/08/16	124,32	124,72	122,42	122,57	160230
AENA	17/08/16	123,17	123,37	121,62	121,87	107324
AENA	18/08/16	121,97	123,07	121,77	123,02	122458
AENA	19/08/16	123,17	123,77	122,72	123,47	98106
AENA	22/08/16	123,02	124,57	121,97	123,52	114880
AENA	23/08/16	124,32	124,52	123,27	123,57	97552
AENA	24/08/16	122,47	123,87	122,12	123,72	90032
AENA	25/08/16	123,12	123,97	122,97	123,67	81724
AENA	26/08/16	123,22	123,72	122,77	122,77	108995
AENA	29/08/16	122,47	123,52	122,07	123,47	91551
AENA	30/08/16	123,32	124,62	123,12	123,27	141101
AENA	31/08/16	123,12	123,87	122,82	122,92	240815
AENA	01/09/16	123,27	124,12	122,82	123,17	127851
AENA	02/09/16	123,12	124,72	122,97	124,72	182257
AENA	05/09/16	124,87	126,07	124,87	125,52	64850
AENA	06/09/16	126,02	126,92	125,22	126,92	151867
AENA	07/09/16	126,92	128,22	126,82	127,82	94713
AENA	08/09/16	127,92	129,97	127,82	128,97	156323
AENA	09/09/16	128,32	128,62	126,67	126,72	47371
AENA	12/09/16	124,72	125,92	124,17	125,32	142032
AENA	13/09/16	125,37	126,27	124,42	124,72	127189
AENA	14/09/16	125,32	126,67	124,92	125,57	163430
AENA	15/09/16	125,02	126,92	124,92	126,87	157807
AENA	16/09/16	126,22	127,02	123,57	124,27	342754
AENA	19/09/16	125,92	125,97	124,92	125,77	93093
AENA	20/09/16	125,52	126,32	124,87	125,02	97409
AENA	21/09/16	126,27	127,07	124,82	124,82	114166
AENA	22/09/16	125,57	128,57	125,32	128,02	101691
AENA	23/09/16	128,02	128,27	126,67	127,32	87832
AENA	26/09/16	126,37	126,87	125,72	126,72	79618
AENA	27/09/16	127,12	127,67	126,02	127,62	98612
AENA	28/09/16	128,27	128,77	125,87	125,87	135422
AENA	29/09/16	127,47	128,52	127,07	128,02	183526
AENA	30/09/16	126,57	128,07	125,82	127,47	191844
AENA	03/10/16	127,47	128,72	127,47	128,07	97171
AENA	04/10/16	128,27	129,47	128,07	128,82	172968
AENA	05/10/16	128,02	128,02	126,57	126,72	212725
AENA	06/10/16	127,17	127,17	123,27	123,37	299658
AENA	07/10/16	124,27	124,27	122,02	122,02	250521
AENA	10/10/16	121,97	124,02	121,82	123,27	115755
AENA	11/10/16	123,62	123,72	122,02	122,97	123865
AENA	12/10/16	123,02	123,52	122,27	123,32	133268
AENA	13/10/16	122,32	123,77	121,62	123,72	154091
AENA	14/10/16	124,07	126,02	123,82	125,42	125014
AENA	17/10/16	125,22	127,02	125,17	126,62	134081
AENA	18/10/16	127,02	127,92	125,92	127,02	134621
AENA	19/10/16	127,02	129,17	125,77	129,17	174239
AENA	20/10/16	129,07	129,47	127,67	127,67	209857
AENA	21/10/16	127,52	129,07	127,02	128,92	137638
AENA	24/10/16	129,17	133,42	129,17	132,17	189215
AENA	25/10/16	132,17	132,77	130,72	132,12	217328
AENA	26/10/16	131,17	131,37	126,82	128,82	255832
AENA	27/10/16	128,52	130,52	128,52	130,52	171852
AENA	28/10/16	129,32	131,52	129,32	131,12	169187
AENA	31/10/16	129,92	130,77	129,17	129,92	239660
AENA	01/11/16	131,07	131,17	128,57	129,17	146849
AENA	02/11/16	128,52	129,07	127,82	128,37	121331
AENA	03/11/16	126,17	126,72	123,77	125,87	193888
AENA	04/11/16	125,17	125,87	124,37	125,07	327437
AENA	07/11/16	127,02	127,22	126,17	126,77	130324
AENA	08/11/16	127,17	127,17	125,67	126,02	96512
AENA	09/11/16	123,22	127,57	122,82	126,87	211880
AENA	10/11/16	121,72	128,42	120,62	120,62	291648
AENA	11/11/16	121,47	122,12	120,17	120,67	245764
AENA	14/11/16	121,12	121,72	116,47	116,47	337252
AENA	15/11/16	117,17	117,67	115,62	117,37	381017
AENA	16/11/16	118,52	119,37	117,32	118,32	253659
AENA	17/11/16	118,72	121,07	118,72	121,07	237986
AENA	18/11/16	121,42	121,42	119,37	121,27	214730
AENA	21/11/16	121,37	121,82	120,37	121,32	119644
AENA	22/11/16	121,67	121,92	117,92	120,97	275441
AENA	23/11/16	120,82	122,92	120,42	122,32	156906
AENA	24/11/16	122,87	123,07	121,32	122,17	81233
AENA	25/11/16	122,52	123,42	122,02	123,17	66885
AENA	28/11/16	123,42	126,17	123,12	125,37	177676
AENA	29/11/16	125,37	125,47	123,02	123,47	161933
AENA	30/11/16	122,82	123,92	121,27	121,27	493156
AENA	01/12/16	121,37	122,67	120,27	121,57	194711
AENA	02/12/16	121,07	121,77	119,62	121,27	160220
AENA	05/12/16	120,02	123,57	119,92	121,82	67169
AENA	06/12/16	121,97	122,77	121,42	122,12	60224
AENA	07/12/16	122,72	123,92	121,97	123,92	214276
AENA	08/12/16	124,52	125,12	121,57	122,52	122829
AENA	09/12/16	124,87	124,87	121,47	124,87	201558
AENA	12/12/16	124,17	126,17	123,62	126,17	187681
AENA	13/12/16	126,22	127,37	125,87	127,07	80120
AENA	14/12/16	127,07	128,22	126,42	127,07	147341
AENA	15/12/16	127,62	128,42	126,07	128,27	152169
AENA	16/12/16	127,82	130,42	127,47	128,77	286267
AENA	19/12/16	128,77	129,02	127,97	128,52	117757
AENA	20/12/16	128,37	129,02	127,72	127,72	50432
AENA	21/12/16	127,72	129,12	127,72	128,72	106914
AENA	22/12/16	128,27	128,87	127,37	127,57	102492
AENA	23/12/16	127,62	128,92	127,07	128,37	53473
AENA	27/12/16	128,07	129,32	128,07	128,52	34605
AENA	28/12/16	128,12	128,12	125,92	126,17	80226
AENA	29/12/16	126,12	126,72	125,97	126,17	52109
AENA	30/12/16	126,02	126,62	125,52	125,82	36955
AENA	02/01/17	125,42	127,27	125,42	127,02	33363
AENA	03/01/17	127,42	127,77	126,62	127,37	106485
AENA	04/01/17	127,67	127,67	125,07	125,87	69425
AENA	05/01/17	126,27	128,57	126,02	127,77	151825
AENA	06/01/17	127,17	127,92	126,37	127,17	78614
AENA	09/01/17	127,52	128,67	126,67	128,67	69483
AENA	10/01/17	128,57	129,82	127,97	128,97	107856
AENA	11/01/17	130,32	131,22	128,57	130,87	138021
AENA	12/01/17	130,32	131,17	129,17	131,17	70269
AENA	13/01/17	131,42	134,02	131,42	133,37	202854
AENA	16/01/17	133,17	133,72	132,27	132,67	67629
AENA	17/01/17	132,32	132,57	131,67	131,67	53280
AENA	18/01/17	132,77	132,77	130,57	131,17	92332
AENA	19/01/17	131,17	132,02	130,07	130,62	77844
AENA	20/01/17	130,97	131,22	130,27	130,27	80436
AENA	23/01/17	129,97	130,87	129,47	130,47	96341
AENA	24/01/17	130,12	131,17	130,12	130,37	80618
AENA	25/01/17	131,27	131,37	129,47	130,02	75578
AENA	26/01/17	130,67	131,52	129,87	131,52	213058
AENA	27/01/17	131,57	133,87	130,97	133,87	142942
AENA	30/01/17	131,67	132,32	130,67	131,92	113964
AENA	31/01/17	131,02	133,82	130,52	130,52	345475
AENA	01/02/17	131,47	131,67	129,52	129,77	102601
AENA	02/02/17	130,02	130,62	128,87	129,92	101349
AENA	03/02/17	130,17	130,27	129,52	129,52	114696
AENA	06/02/17	129,12	130,27	128,57	128,97	106061
AENA	07/02/17	128,82	130,37	128,42	129,17	101515
AENA	08/02/17	130,52	130,92	129,52	129,67	81204
AENA	09/02/17	130,17	131,07	129,77	130,22	80774
AENA	10/02/17	130,27	131,32	129,97	130,42	66786
AENA	13/02/17	130,77	131,77	130,62	131,02	68845
AENA	14/02/17	131,17	131,72	130,47	130,62	117374
AENA	15/02/17	130,57	131,77	130,17	130,97	120363
AENA	16/02/17	130,92	131,32	130,37	131,17	125496
AENA	17/02/17	131,17	132,12	130,77	131,17	84029
AENA	20/02/17	132,17	132,27	131,12	132,17	35827
AENA	21/02/17	132,67	133,92	131,97	133,92	96034
AENA	22/02/17	135,17	135,82	128,82	129,87	486474
AENA	23/02/17	131,17	131,87	129,37	131,67	413493
AENA	24/02/17	131,57	132,32	130,52	131,12	205767
AENA	27/02/17	131,37	131,92	130,77	131,32	82664
AENA	28/02/17	131,67	131,77	131,07	131,17	204177
AENA	01/03/17	131,67	132,42	130,47	131,62	172653
AENA	02/03/17	131,67	132,07	131,12	131,67	132027
AENA	03/03/17	130,92	131,52	130,32	131,02	105944
AENA	06/03/17	131,02	131,72	129,52	131,07	81560
AENA	07/03/17	130,97	131,32	130,17	131,12	55650
AENA	08/03/17	130,32	131,27	130,07	130,77	45460
AENA	09/03/17	130,57	132,97	130,42	132,47	76180
AENA	10/03/17	132,57	133,12	131,77	131,77	69092
AENA	13/03/17	131,92	133,12	131,92	132,37	57793
AENA	14/03/17	132,02	132,72	131,42	131,67	130230
AENA	15/03/17	131,82	133,12	131,52	132,82	68519
AENA	16/03/17	133,67	134,47	133,22	134,17	87865
AENA	17/03/17	133,47	135,77	133,47	135,27	231124
AENA	20/03/17	135,07	136,02	134,92	135,67	104073
AENA	21/03/17	136,02	136,62	135,27	135,42	69051
AENA	22/03/17	135,22	136,82	134,82	136,42	122171
AENA	23/03/17	137,12	137,32	136,02	137,22	100457
AENA	24/03/17	137,47	138,62	137,07	138,52	61231
AENA	27/03/17	138,62	139,27	138,02	138,97	121280
AENA	28/03/17	139,97	141,02	139,32	140,62	199578
AENA	29/03/17	140,97	141,72	140,72	141,72	174885
AENA	30/03/17	141,17	143,17	140,97	143,17	265120
AENA	31/03/17	142,17	144,47	141,52	144,47	333408
AENA	03/04/17	143,77	146,72	143,67	146,17	279348
AENA	04/04/17	145,42	146,77	145,42	146,42	197892
AENA	05/04/17	146,12	147,92	144,92	147,92	226665
AENA	06/04/17	147,02	150,42	146,57	149,82	213235
AENA	07/04/17	149,42	149,52	147,77	148,77	245474
AENA	10/04/17	148,57	149,47	147,72	147,72	135591
AENA	11/04/17	145,72	149,92	144,92	149,37	103136
AENA	12/04/17	149,62	149,67	147,82	147,82	92137
AENA	13/04/17	147,62	148,97	147,37	148,97	46230
AENA	18/04/17	148,72	149,07	146,72	147,42	95710
AENA	19/04/17	148,37	152,17	148,12	151,57	427595
AENA	20/04/17	151,47	151,77	149,52	150,17	157955
AENA	21/04/17	149,32	149,82	147,92	148,07	167687
AENA	24/04/17	151,92	152,22	149,62	151,07	182686
AENA	25/04/17	154,95	156	154,2	154,8	167063
AENA	26/04/17	155,17	157,52	153,52	155,37	288746
AENA	27/04/17	156,02	159,17	155,32	158,17	227439
AENA	28/04/17	158,77	158,97	156,27	158,17	253269
AENA	02/05/17	159	161,6	157,5	161,6	221413
AENA	03/05/17	161,2	162,2	160,6	161,85	130230
AENA	04/05/17	162	163,45	160,4	163,3	134085
AENA	05/05/17	162,85	164,4	162,3	164,35	156669
AENA	08/05/17	164,2	165,35	163,7	164,35	72723
AENA	09/05/17	164	164,65	163,25	164	168865
AENA	10/05/17	163,65	165,1	163	165,1	140899
AENA	11/05/17	165,3	165,6	164	165,6	120530
AENA	12/05/17	165,6	167,2	165,05	167,2	73802
AENA	15/05/17	167,35	167,95	166,3	167,65	90451
AENA	16/05/17	167,6	168,1	166,9	168	143651
AENA	17/05/17	167,35	168,7	167,1	167,95	216110
AENA	18/05/17	168	168,35	166,75	168,35	103984
AENA	19/05/17	168,5	170,3	168	170,3	165006
AENA	22/05/17	170,3	171,1	168,35	170,8	89798
AENA	23/05/17	170,15	172,75	169,6	171,7	97240
AENA	24/05/17	171,9	171,9	169,1	169,75	130907
AENA	25/05/17	170	172,85	170	172,25	82672
AENA	26/05/17	172,15	172,2	171	172,1	103027
AENA	29/05/17	172,2	172,6	171,25	171,6	52110
AENA	30/05/17	170,95	176,4	170,7	176,4	121743
AENA	31/05/17	176,6	180,15	175,95	179,7	255414
AENA	01/06/17	180	182,4	179,4	181,4	199003
AENA	02/06/17	182,75	183,7	181,95	182,55	120436
AENA	05/06/17	182,75	183,7	182,1	182,85	78113
AENA	06/06/17	181	183,05	180,05	182,7	59347
AENA	07/06/17	181,1	183,05	178	182,55	217357
AENA	08/06/17	182,55	183,75	181,55	182,25	215937
AENA	09/06/17	183	184,9	182,7	183,7	150728
AENA	12/06/17	183	183,3	178,65	178,65	83525
AENA	13/06/17	177,85	178,6	170,8	177,8	204046
AENA	14/06/17	177,9	182,8	177,55	180,8	261321
AENA	15/06/17	180,7	180,7	176,9	178,7	232752
AENA	16/06/17	177,25	182,8	177,25	181,85	282645
AENA	19/06/17	182,85	183,8	180,25	181,6	82965
AENA	20/06/17	181,6	182,2	180,2	180,2	92049
AENA	21/06/17	178,5	179,3	176,55	178,3	232916
AENA	22/06/17	176,85	178,7	175,35	176,75	288999
AENA	23/06/17	176,5	177,2	174,85	174,9	108279
AENA	26/06/17	171,55	175,3	170	174,1	179840
AENA	27/06/17	173,25	174,2	171,25	171,5	132637
AENA	28/06/17	171,1	174,9	170,1	173,6	112429
AENA	29/06/17	174,45	174,7	169,3	169,3	182557
AENA	30/06/17	169,45	172,7	169,3	170,85	162638
AENA	03/07/17	171,35	172	168,3	169,1	106611
AENA	04/07/17	168,05	168,75	167,45	167,5	145454
AENA	05/07/17	167,15	168,6	166,85	167,05	161008
AENA	06/07/17	166,95	167,95	163,8	164,7	224593
AENA	07/07/17	164,55	166,65	164,55	166,65	119675
AENA	10/07/17	168	168,3	167,15	167,3	165121
AENA	11/07/17	167,7	167,95	165,9	166,6	156400
AENA	12/07/17	166,55	169,5	166,55	168,8	88837
AENA	13/07/17	169,85	170,75	168,35	168,7	82113
AENA	14/07/17	0	170,65	170,65	170,65	0
AENA	17/07/17	170	171,45	168,5	170	157958
AENA	18/07/17	168,1	169,45	167,85	168,1	114477
AENA	19/07/17	171,95	172,45	167,85	171,95	166341
AENA	20/07/17	167,65	174,45	167	167,65	139360
AENA	21/07/17	168,05	169,9	165,65	166,15	114281
AENA	24/07/17	165,85	167,15	165,55	165,85	63042
AENA	25/07/17	166,45	168,25	165,7	166,45	153557
AENA	26/07/17	167,85	169,15	166,25	167,85	57743
AENA	27/07/17	166,1	168,75	164,05	166,1	139717
AENA	28/07/17	163,25	165,25	162,65	163,25	161532
AENA	31/07/17	165,25	166,8	162,55	165,25	191142
AENA	01/08/17	165,95	166,9	164,2	165,95	78694
AENA	02/08/17	164,4	166,55	164,2	164,4	88635
AENA	03/08/17	164,3	165,35	163,6	164,3	59785
AENA	04/08/17	165,3	165,75	163,6	165,3	79775
AENA	07/08/17	166,95	167,5	165,6	166,95	128223
AENA	08/08/17	166,65	168,55	166,65	166,65	62708
AENA	09/08/17	166,6	166,85	165,4	166,6	76272
AENA	10/08/17	165,65	167,9	165,2	165,65	132933
AENA	11/08/17	164,35	164,85	162,9	164,35	60785
AENA	14/08/17	166	166,55	164,5	166	62152
AENA	15/08/17	165	166,75	163,45	165	93375
AENA	16/08/17	165	166,6	164,6	165	117973
AENA	17/08/17	165	166,1	164,3	165	39477
AENA	18/08/17	161,8	163,35	161,3	161,8	141371
AENA	21/08/17	162,2	162,65	161,25	162,2	64821
AENA	22/08/17	163,35	163,6	161,65	163,35	33761
AENA	23/08/17	162,9	164,45	162,4	162,9	41259
AENA	24/08/17	161,7	164,35	161,7	161,7	34347
AENA	25/08/17	162,2	163,65	161,4	162,2	85059
AENA	28/08/17	161	162,25	160,9	161	19159
AENA	29/08/17	159,95	161,1	159,3	159,95	84943
AENA	30/08/17	161,85	162,3	160,75	161,85	39819
AENA	31/08/17	164,05	164,05	161,85	164,05	189282
AENA	01/09/17	164	165,2	164	164	45495
AENA	04/09/17	163,05	164,2	162,85	163,05	21985
AENA	05/09/17	163,8	164,1	162,9	163,8	19922
AENA	06/09/17	159,2	163,3	159,1	159,2	128378
AENA	07/09/17	158,9	160,4	158,05	158,9	169075
AENA	08/09/17	158,45	159,3	157,85	158,45	35847
AENA	11/09/17	161,05	162,05	159,25	161,05	41332
AENA	12/09/17	158,7	161,55	158,45	158,7	43255
AENA	13/09/17	156,55	158,7	155,35	156,55	141344
AENA	14/09/17	156,75	156,75	154,65	156,75	106387
AENA	15/09/17	156	156,7	155,55	156	151001
AENA	18/09/17	158,45	158,75	156,4	158,45	103782
AENA	19/09/17	156	159,05	156	156	56764
AENA	20/09/17	155,25	156,65	154,9	155,25	94229
AENA	21/09/17	154,7	155,45	153,1	154,7	78687
AENA	22/09/17	155,3	156,4	154,65	155,3	52284
AENA	25/09/17	154,6	155,25	153,4	154,55	111259
AENA	26/09/17	151	154,85	150,9	151	179261
AENA	27/09/17	153,85	154,05	147,95	153,85	219773
AENA	28/09/17	153,05	153,85	152,4	153,05	151074
AENA	29/09/17	152,75	153,5	151,95	152,75	207435
AENA	02/10/17	151,7	152	149,15	151,7	196639
AENA	03/10/17	151,3	153	149,85	151,3	115986


