TICKER,FECHA,APERTURA,MAXIMO,MINIMO,ULTIMO,VOLUMEN
BKIA	20/07/11	179,168134513275	182,581656637168	170,87815221239	182,581656637168	94794
BKIA	21/07/11	180,143426548673	182,337833628319	178,436665486726	181,118718584071	41904
BKIA	22/07/11	182,532892035399	182,532892035399	178,729253097345	179,655780530974	22419
BKIA	25/07/11	179,168134513275	180,874895575222	177,753961061947	179,655780530974	11296
BKIA	26/07/11	179,216899115045	181,118718584071	178,680488495576	179,655780530974	18195
BKIA	27/07/11	179,168134513275	180,094661946903	176,29102300885	178,436665486726	17642
BKIA	28/07/11	178,144077876107	180,094661946903	177,022492035399	180,094661946903	11118
BKIA	29/07/11	179,168134513275	182,094010619469	177,851490265487	181,60636460177	16185
BKIA	01/08/11	181,99648141593	182,581656637168	180,240955752213	182,581656637168	20068
BKIA	02/08/11	182,094010619469	189,896346902655	180,143426548673	189,896346902655	147677
BKIA	03/08/11	185,019886725664	188,384644247788	182,337833628319	182,581656637168	36672
BKIA	04/08/11	183,556948672567	184,239653097345	178,778017699115	180,143426548673	17812
BKIA	05/08/11	180,143426548673	183,069302654868	172,828736283186	180,143426548673	15046
BKIA	08/08/11	179,168134513275	182,532892035399	176,24225840708	178,680488495576	10249
BKIA	09/08/11	180,143426548673	182,484127433629	175,754612389381	181,118718584071	9710
BKIA	10/08/11	180,631072566372	182,289069026549	170,48803539823	175,266966371682	12114
BKIA	11/08/11	180,143426548673	180,143426548673	166,538102654868	172,438619469027	17343
BKIA	12/08/11	174,681791150443	182,581656637168	171,365798230089	182,581656637168	5597
BKIA	15/08/11	182,094010619469	183,508184070797	180,679837168142	183,508184070797	2880
BKIA	16/08/11	180,631072566372	183,069302654868	180,143426548673	182,094010619469	5155
BKIA	17/08/11	182,094010619469	183,069302654868	180,679837168142	183,069302654868	8325
BKIA	18/08/11	182,045246017699	182,971773451328	180,436014159292	182,971773451328	6067
BKIA	19/08/11	181,94771681416	182,581656637168	173,365146902655	180,143426548673	6841
BKIA	22/08/11	172,779971681416	179,168134513275	172,779971681416	179,168134513275	3905
BKIA	23/08/11	179,021840707965	180,094661946903	178,290371681416	179,021840707965	1994
BKIA	24/08/11	179,021840707965	180,387249557522	178,680488495576	179,021840707965	1406
BKIA	25/08/11	180,143426548673	180,143426548673	178,924311504425	180,143426548673	3312
BKIA	26/08/11	179,655780530974	181,118718584071	178,680488495576	181,118718584071	1328
BKIA	29/08/11	179,704545132744	181,069953982301	179,607015929204	179,899603539823	1822
BKIA	30/08/11	179,655780530974	181,118718584071	178,192842477876	181,118718584071	2321
BKIA	31/08/11	178,826782300885	182,581656637168	178,826782300885	182,581656637168	9600
BKIA	01/09/11	180,143426548673	182,484127433629	180,143426548673	182,484127433629	2450
BKIA	02/09/11	182,581656637168	182,581656637168	179,899603539823	182,581656637168	2703
BKIA	05/09/11	180,045897345133	182,045246017699	178,290371681416	178,680488495576	2764
BKIA	06/09/11	178,680488495576	179,997132743363	177,705196460177	179,655780530974	2562
BKIA	07/09/11	179,655780530974	181,60636460177	179,411957522124	180,631072566372	4178
BKIA	08/09/11	180,777366371682	181,60636460177	179,655780530974	179,655780530974	4987
BKIA	09/09/11	180,143426548673	180,826130973452	177,217550442478	177,705196460177	3697
BKIA	12/09/11	176,827433628319	177,705196460177	172,828736283186	175,218201769912	2529
BKIA	13/09/11	174,779320353983	176,48608141593	174,779320353983	175,754612389381	3731
BKIA	14/09/11	176,48608141593	177,705196460177	173,755263716814	175,023143362832	3229
BKIA	15/09/11	175,266966371682	177,412608849558	172,828736283186	175,023143362832	3471
BKIA	16/09/11	174,389203539823	177,705196460177	173,560205309735	177,705196460177	5000
BKIA	19/09/11	173,999086725664	176,876198230089	173,999086725664	174,779320353983	2015
BKIA	20/09/11	174,291674336284	175,510789380531	174,047851327434	174,584261946903	2963
BKIA	21/09/11	174,681791150443	177,802725663717	172,926265486726	177,802725663717	3606
BKIA	22/09/11	174,291674336284	177,705196460177	174,291674336284	177,705196460177	1759
BKIA	23/09/11	175,218201769912	177,217550442478	174,291674336284	177,217550442478	4062
BKIA	26/09/11	173,560205309735	177,705196460177	173,560205309735	177,705196460177	3395
BKIA	27/09/11	176,534846017699	180,143426548673	176,534846017699	180,143426548673	4137
BKIA	28/09/11	179,899603539823	180,582307964602	178,680488495576	180,387249557522	4295
BKIA	29/09/11	180,143426548673	182,532892035399	179,265663716814	182,532892035399	14973
BKIA	30/09/11	180,143426548673	182,923008849558	178,387900884956	178,387900884956	37470
BKIA	03/10/11	177,705196460177	177,705196460177	174,096615929204	175,462024778761	10404
BKIA	04/10/11	174,779320353983	175,99843539823	171,609621238938	172,584913274337	10821
BKIA	05/10/11	173,560205309735	174,291674336284	172,292325663717	173,023794690266	8608
BKIA	06/10/11	175,266966371682	176,681139823009	174,779320353983	175,657083185841	8547
BKIA	07/10/11	177,217550442478	177,607667256637	175,462024778761	175,803376991151	6060
BKIA	10/10/11	176,729904424779	177,607667256637	175,266966371682	175,754612389381	6621
BKIA	11/10/11	175,266966371682	176,681139823009	175,266966371682	175,754612389381	3468
BKIA	12/10/11	174,779320353983	178,241607079646	174,779320353983	176,24225840708	2348
BKIA	13/10/11	178,680488495576	178,680488495576	175,315730973452	178,192842477876	6720
BKIA	14/10/11	176,924962831859	180,094661946903	175,608318584071	180,094661946903	8446
BKIA	17/10/11	180,143426548673	180,972424778761	178,729253097345	180,143426548673	5673
BKIA	18/10/11	179,899603539823	180,387249557522	177,851490265487	179,899603539823	4366
BKIA	19/10/11	178,729253097345	179,899603539823	177,168785840708	177,217550442478	5318
BKIA	20/10/11	176,729904424779	177,705196460177	175,266966371682	175,754612389381	3331
BKIA	21/10/11	175,754612389381	177,900254867257	174,584261946903	177,705196460177	5660
BKIA	24/10/11	175,315730973452	177,217550442478	175,218201769912	176,24225840708	3001
BKIA	25/10/11	176,24225840708	177,705196460177	174,535497345133	177,705196460177	3568
BKIA	26/10/11	176,0472	177,363844247788	175,315730973452	175,99843539823	5153
BKIA	27/10/11	176,583610619469	177,705196460177	169,902860176991	177,705196460177	6057
BKIA	28/10/11	176,29102300885	178,924311504425	175,754612389381	178,924311504425	8298
BKIA	31/10/11	176,24225840708	178,192842477876	176,24225840708	177,949019469027	6000
BKIA	01/11/11	175,266966371682	177,656431858407	172,828736283186	175,266966371682	3459
BKIA	02/11/11	174,584261946903	177,412608849558	174,096615929204	175,218201769912	4845
BKIA	03/11/11	173,267617699115	175,510789380531	173,170088495576	175,266966371682	6061
BKIA	04/11/11	174,974378761062	176,48608141593	174,681791150443	175,315730973452	4406
BKIA	07/11/11	174,291674336284	175,071907964602	173,462676106195	173,804028318584	2927
BKIA	08/11/11	174,291674336284	174,925614159292	173,511440707965	173,804028318584	2154
BKIA	09/11/11	174,340438938053	174,535497345133	170,390506194691	173,316382300885	2950
BKIA	10/11/11	170,439270796461	172,584913274337	170,439270796461	170,87815221239	4412
BKIA	11/11/11	170,390506194691	174,730555752213	170,390506194691	173,316382300885	4078
BKIA	14/11/11	174,047851327434	174,730555752213	171,170739823009	172,828736283186	2140
BKIA	15/11/11	171,414562831859	172,243561061947	170,63432920354	170,87815221239	2798
BKIA	16/11/11	170,390506194691	171,804679646018	167,952276106195	167,952276106195	4986
BKIA	17/11/11	168,196099115045	168,927568141593	167,269571681416	167,269571681416	5801
BKIA	18/11/11	167,952276106195	169,902860176991	166,001692035399	166,001692035399	8384
BKIA	21/11/11	165,757869026549	168,439922123894	163,075815929204	163,075815929204	3429
BKIA	22/11/11	163,075815929204	164,051107964602	157,955532743363	159,174647787611	7375
BKIA	23/11/11	157,224063716814	158,443178761062	154,39571681416	155,809890265487	6443
BKIA	24/11/11	154,785833628319	155,517302654868	152,347603539823	153,322895575222	6484
BKIA	25/11/11	153,322895575222	154,0056	151,859957522124	153,322895575222	5428
BKIA	28/11/11	153,322895575222	160,442527433629	153,322895575222	159,66229380531	4496
BKIA	29/11/11	162,295582300885	165,27022300885	160,686350442478	165,27022300885	3693
BKIA	30/11/11	165,27022300885	181,118718584071	163,319638938053	181,118718584071	16401
BKIA	01/12/11	173,608969911505	177,412608849558	172,048502654868	173,316382300885	7280
BKIA	02/12/11	174,242909734514	175,120672566372	171,950973451328	174,535497345133	3600
BKIA	05/12/11	172,828736283186	178,290371681416	172,828736283186	177,266315044248	3687
BKIA	06/12/11	177,705196460177	177,705196460177	175,266966371682	175,266966371682	3095
BKIA	07/12/11	174,291674336284	175,754612389381	169,463978761062	171,853444247788	9725
BKIA	08/12/11	171,414562831859	174,730555752213	169,512743362832	170,341741592921	2374
BKIA	09/12/11	169,415214159292	173,316382300885	169,415214159292	172,292325663717	2744
BKIA	12/12/11	174,291674336284	174,291674336284	167,952276106195	170,68309380531	2111
BKIA	13/12/11	170,390506194691	173,316382300885	168,196099115045	173,316382300885	4291
BKIA	14/12/11	171,853444247788	174,779320353983	170,390506194691	174,779320353983	5395
BKIA	15/12/11	172,828736283186	175,218201769912	172,828736283186	174,633026548673	3219
BKIA	16/12/11	172,828736283186	176,583610619469	172,341090265487	176,583610619469	18627
BKIA	19/12/11	172,341090265487	176,24225840708	171,902208849558	175,266966371682	7224
BKIA	20/12/11	173,852792920354	177,217550442478	173,804028318584	177,217550442478	5926
BKIA	21/12/11	176,48608141593	176,729904424779	172,828736283186	175,266966371682	5153
BKIA	22/12/11	174,340438938053	175,218201769912	172,828736283186	175,023143362832	3271
BKIA	23/12/11	175,169437168142	175,266966371682	173,950322123894	175,023143362832	2287
BKIA	27/12/11	172,828736283186	174,974378761062	171,658385840708	173,852792920354	1649
BKIA	28/12/11	172,828736283186	174,194145132744	170,63432920354	171,853444247788	2662
BKIA	29/12/11	172,731207079646	172,828736283186	167,952276106195	170,341741592921	5837
BKIA	30/12/11	170,58556460177	175,266966371682	169,707801769912	175,023143362832	2929
BKIA	02/01/12	173,706499115045	175,266966371682	172,877500884956	175,218201769912	1976
BKIA	03/01/12	174,340438938053	175,218201769912	171,999738053098	173,804028318584	2918
BKIA	04/01/12	174,681791150443	175,266966371682	172,048502654868	174,389203539823	3201
BKIA	05/01/12	172,877500884956	174,194145132744	170,390506194691	170,92691681416	2656
BKIA	06/01/12	170,92691681416	174,779320353983	170,78062300885	173,706499115045	2908
BKIA	09/01/12	173,218853097345	174,779320353983	172,633677876107	172,926265486726	2573
BKIA	10/01/12	173,950322123894	174,828084955753	171,707150442478	172,828736283186	4624
BKIA	11/01/12	172,341090265487	174,584261946903	171,219504424779	173,852792920354	6285
BKIA	12/01/12	173,511440707965	175,169437168142	172,487384070797	172,487384070797	5813
BKIA	13/01/12	171,560856637168	175,266966371682	171,560856637168	173,804028318584	5521
BKIA	16/01/12	172,097267256637	174,779320353983	172,097267256637	174,535497345133	1770
BKIA	17/01/12	175,266966371682	176,43731681416	173,852792920354	176,43731681416	6377
BKIA	18/01/12	176,729904424779	176,729904424779	173,072559292036	173,706499115045	5801
BKIA	19/01/12	175,266966371682	175,754612389381	173,852792920354	175,510789380531	7033
BKIA	20/01/12	175,754612389381	175,754612389381	172,828736283186	172,828736283186	6347
BKIA	23/01/12	172,828736283186	173,999086725664	171,463327433629	173,901557522124	5350
BKIA	24/01/12	172,097267256637	174,291674336284	171,463327433629	174,291674336284	7702
BKIA	25/01/12	173,706499115045	174,291674336284	170,68309380531	172,828736283186	6971
BKIA	26/01/12	172,828736283186	174,047851327434	172,097267256637	172,536148672567	6416
BKIA	27/01/12	172,536148672567	172,828736283186	167,952276106195	170,390506194691	5571
BKIA	30/01/12	168,439922123894	170,292976991151	166,586867256637	168,293628318584	4258
BKIA	31/01/12	168,293628318584	169,902860176991	167,513394690266	168,732509734514	3264
BKIA	01/02/12	168,976332743363	173,511440707965	168,488686725664	173,511440707965	6494
BKIA	02/02/12	172,877500884956	173,755263716814	170,97568141593	173,316382300885	7563
BKIA	03/02/12	171,609621238938	173,511440707965	171,219504424779	172,828736283186	7842
BKIA	06/02/12	172,097267256637	172,779971681416	170,48803539823	171,170739823009	4200
BKIA	07/02/12	170,87815221239	172,097267256637	169,951624778761	172,097267256637	4594
BKIA	08/02/12	172,341090265487	172,731207079646	169,512743362832	172,487384070797	6056
BKIA	09/02/12	171,804679646018	173,413911504425	171,414562831859	173,365146902655	6728
BKIA	10/02/12	173,365146902655	174,145380530974	171,609621238938	171,609621238938	5838
BKIA	13/02/12	172,341090265487	172,487384070797	166,538102654868	169,805330973452	7169
BKIA	14/02/12	167,464630088496	168,927568141593	166,586867256637	167,952276106195	7745
BKIA	15/02/12	168,976332743363	169,171391150443	162,441876106195	162,441876106195	13001
BKIA	16/02/12	156,200007079646	156,200007079646	146,495851327434	150,592077876106	32216
BKIA	17/02/12	152,347603539823	153,664247787611	148,44643539823	149,665550442478	25325
BKIA	20/02/12	150,397019469027	151,372311504425	149,568021238938	150,884665486726	9742
BKIA	21/02/12	150,884665486726	152,347603539823	149,421727433629	149,958138053098	8739
BKIA	22/02/12	149,958138053098	150,397019469027	148,44643539823	148,44643539823	15926
BKIA	23/02/12	148,44643539823	149,811844247788	147,227320353983	148,44643539823	22949
BKIA	24/02/12	148,44643539823	148,88531681416	147,471143362832	148,44643539823	23135
BKIA	27/02/12	147,519907964602	147,958789380531	147,471143362832	147,617437168142	15843
BKIA	28/02/12	147,471143362832	148,202612389381	147,471143362832	147,958789380531	22912
BKIA	29/02/12	147,568672566372	149,226669026549	147,519907964602	147,763730973452	12905
BKIA	01/03/12	147,471143362832	148,105083185841	147,471143362832	147,471143362832	13680
BKIA	02/03/12	147,861260176991	148,934081415929	147,714966371682	147,714966371682	11435
BKIA	05/03/12	147,568672566372	147,958789380531	147,471143362832	147,471143362832	14844
BKIA	06/03/12	147,471143362832	147,861260176991	146,008205309735	146,008205309735	29793
BKIA	07/03/12	146,008205309735	146,398322123894	146,008205309735	146,008205309735	36170
BKIA	08/03/12	146,495851327434	146,934732743363	146,008205309735	146,008205309735	26385
BKIA	09/03/12	146,008205309735	146,495851327434	146,008205309735	146,495851327434	51338
BKIA	12/03/12	146,154499115045	146,447086725664	146,008205309735	146,008205309735	53989
BKIA	13/03/12	146,008205309735	146,056969911505	139,327454867257	143,813798230089	15899
BKIA	14/03/12	144,447738053098	144,594031858407	142,155801769912	144,447738053098	17859
BKIA	15/03/12	144,691561061947	144,691561061947	141,131745132744	143,27738761062	14729
BKIA	16/03/12	142,83850619469	143,716269026549	138,693515044248	143,716269026549	17604
BKIA	19/03/12	143,08232920354	146,593380530974	142,107037168142	146,252028318584	10309
BKIA	20/03/12	146,349557522124	146,447086725664	144,106385840708	146,300792920354	9384
BKIA	21/03/12	146,300792920354	146,495851327434	142,643447787611	143,569975221239	7903
BKIA	22/03/12	142,740976991151	144,008856637168	141,473097345133	143,03356460177	12983
BKIA	23/03/12	142,740976991151	142,9848	139,668807079646	142,253330973452	12411
BKIA	26/03/12	142,009507964602	143,08232920354	140,253982300885	141,668155752213	10260
BKIA	27/03/12	142,107037168142	143,08232920354	138,400927433629	138,937338053098	14624
BKIA	28/03/12	138,059575221239	138,205869026549	132,597939823009	133,914584070797	25617
BKIA	29/03/12	132,841762831859	133,475702654867	130,403532743363	131,378824778761	17608
BKIA	30/03/12	130,891178761062	132,35411681416	129,135653097345	132,15905840708	19757
BKIA	02/04/12	131,86647079646	134,743582300885	129,525769911505	134,304700884956	6762
BKIA	03/04/12	133,817054867257	136,157755752213	130,403532743363	130,403532743363	10656
BKIA	04/04/12	129,086888495575	129,233182300885	120,601847787611	124,649309734514	25454
BKIA	05/04/12	124,649309734514	126,258541592921	122,942548672567	124,844368141593	10357
BKIA	10/04/12	122,552431858407	123,478959292036	120,553083185841	121,625904424779	18558
BKIA	11/04/12	120,553083185841	123,332665486726	120,553083185841	123,088842477876	15636
BKIA	12/04/12	123,381430088496	130,159709734514	122,308608849558	127,867773451328	11838
BKIA	13/04/12	127,477656637168	127,867773451328	122,601196460177	123,771546902655	11347
BKIA	16/04/12	122,601196460177	126,50236460177	122,601196460177	124,064134513275	5123
BKIA	17/04/12	128,452948672567	128,648007079646	123,283900884956	126,990010619469	8104
BKIA	18/04/12	128,696771681416	128,940594690266	122,796254867257	125,673366371682	7955
BKIA	19/04/12	125,332014159292	126,50236460177	123,088842477876	123,625253097345	10514
BKIA	20/04/12	125,527072566372	127,477656637168	122,698725663717	123,917840707965	13742
BKIA	23/04/12	123,137607079646	125,039426548673	119,870378761062	120,84567079646	6820
BKIA	24/04/12	120,699376991151	124,064134513275	120,455553982301	122,796254867257	8198
BKIA	25/04/12	122,113550442478	126,014718584071	121,869727433629	123,430194690266	10130
BKIA	26/04/12	122,893784070797	124,064134513275	122,113550442478	123,722782300885	7005
BKIA	27/04/12	122,113550442478	126,014718584071	121,33331681416	126,014718584071	9127
BKIA	30/04/12	126,014718584071	126,50236460177	124,210428318584	126,161012389381	6221
BKIA	02/05/12	125,868424778761	126,50236460177	118,017323893806	119,675320353983	9454
BKIA	03/05/12	120,162966371682	122,064785840708	119,577791150443	119,870378761062	7528
BKIA	04/05/12	119,480261946903	120,650612389381	118,309911504425	119,431497345133	8047
BKIA	07/05/12	116,261798230089	116,505621238938	112,019277876106	115,53032920354	9808
BKIA	08/05/12	113,823568141593	114,311214159292	104,850881415929	110,01992920354	23876
BKIA	09/05/12	103,095355752213	106,996523893806	101,632417699115	103,583001769912	42027
BKIA	10/05/12	99,6818336283188	103,485472566372	99,6818336283188	102,363886725664	37878
BKIA	11/05/12	102,120063716814	102,120063716814	97,2436035398232	100,705890265487	17978
BKIA	14/05/12	97,2436035398232	97,9750725663719	90,5140884955754	91,6844389380533	19416
BKIA	15/05/12	88,9536212389382	90,5140884955754	85,0524530973453	90,5140884955754	22403
BKIA	16/05/12	84,7598654867258	85,4913345132745	80,273522123894	80,4198159292037	25589
BKIA	17/05/12	76,5186477876108	76,7624707964603	56,8177486725665	69,0576637168143	37605
BKIA	18/05/12	68,5212530973453	92,367143362832	67,6434902654869	85,3450407079648	39302
BKIA	21/05/12	87,6857415929205	93,6837876106196	82,6629876106196	85,6863929203542	18316
BKIA	22/05/12	86,0277451327435	87,4906831858409	80,7611681415931	83,5895150442479	13399
BKIA	23/05/12	81,6389309734515	85,5400991150444	80,6636389380533	82,4191646017701	8995
BKIA	24/05/12	82,6142230088497	83,1018690265488	76,2748247787612	76,2748247787612	10457
BKIA	25/05/12	82,6142230088497	83,1018690265488	76,2748247787612	76,2748247787612	10457
BKIA	28/05/12	55,7936920353983	71,44712920354	53,8431079646019	66,0342584070798	50674
BKIA	29/05/12	62,0843256637169	63,8398513274337	54,9159292035399	55,2572814159293	36208
BKIA	30/05/12	53,8431079646019	54,330753982301	46,040771681416	50,478350442478	29602
BKIA	31/05/12	49,7468814159293	57,2566300884957	47,3574159292036	50,5758796460178	38567
BKIA	01/06/12	51,551171681416	53,3066973451329	48,9666477876107	49,4542938053098	17932
BKIA	04/06/12	48,4790017699116	50,1857628318585	47,9913557522125	49,2104707964603	9504
BKIA	05/06/12	49,941939823009	53,1604035398231	49,2104707964603	49,3080000000001	15748
BKIA	06/06/12	51,5024070796461	51,6487008849559	47,9913557522125	50,4295858407081	19548
BKIA	07/06/12	50,1369982300886	50,8684672566373	47,9913557522125	49,6493522123895	10705
BKIA	08/06/12	49,4542938053098	49,893175221239	48,6252955752213	49,893175221239	5887
BKIA	11/06/12	60,1825061946904	60,1825061946904	50,1857628318585	50,8197026548674	25086
BKIA	12/06/12	49,941939823009	51,3561132743364	49,2104707964603	49,8444106194691	12052
BKIA	13/06/12	50,2345274336284	50,2345274336284	48,6252955752213	49,2104707964603	8008
BKIA	14/06/12	49,2104707964603	49,2104707964603	47,698768141593	47,698768141593	14388
BKIA	15/06/12	48,4790017699116	48,4790017699116	43,6025415929204	44,5778336283187	15546
BKIA	18/06/12	46,9672991150443	46,9672991150443	39,7501380530974	40,530371681416	14991
BKIA	19/06/12	40,6766654867258	40,6766654867258	36,7754973451328	39,1161982300886	13649
BKIA	20/06/12	38,6773168141594	41,6031929203541	37,5069663716815	40,6766654867258	11471
BKIA	21/06/12	40,5791362831859	46,5284176991151	39,7501380530974	44,6753628318585	17726
BKIA	22/06/12	44,6753628318585	49,4055292035399	44,1389522123895	47,0160637168143	26611
BKIA	25/06/12	48,283943362832	49,4542938053098	46,0895362831859	46,4796530973452	15785
BKIA	26/06/12	45,8457132743364	45,8457132743364	41,651957522124	42,4321911504426	11145
BKIA	27/06/12	43,5050123893806	45,6506548672567	42,2371327433629	45,3580672566373	11049
BKIA	28/06/12	44,2852460176992	44,2852460176992	42,2858973451328	43,6025415929204	7706
BKIA	29/06/12	48,3814725663718	48,4790017699116	44,1877168141594	44,7728920353983	20605
BKIA	02/07/12	44,0414230088496	45,7969486725665	43,6025415929204	45,7969486725665	13157
BKIA	03/07/12	46,040771681416	47,2598867256638	43,9926584070797	44,2364814159293	10449
BKIA	04/07/12	44,2852460176992	45,2117734513275	43,84636460177	45,1630088495576	4466
BKIA	05/07/12	44,1389522123895	45,1630088495576	43,7000707964603	43,9926584070797	5566
BKIA	06/07/12	44,5778336283187	44,5778336283187	41,115546902655	41,115546902655	8642
BKIA	09/07/12	41,1643115044249	41,9933097345134	38,872375221239	40,3840778761063	8841
BKIA	10/07/12	41,8470159292036	41,8470159292036	40,1402548672567	40,530371681416	7042
BKIA	11/07/12	39,2624920353983	39,7013734513275	37,0193203539824	37,3606725663718	18418
BKIA	12/07/12	37,6044955752213	37,6044955752213	33,8496212389381	33,8496212389381	13930
BKIA	13/07/12	34,6298548672567	34,6786194690266	30,9237451327434	31,4601557522125	14394
BKIA	16/07/12	31,3626265486726	31,4113911504425	29,4608070796461	29,509571681416	11694
BKIA	17/07/12	29,0219256637169	29,0219256637169	25,2182867256638	25,5108743362832	19615
BKIA	18/07/12	25,071992920354	30,1435115044248	23,1214088495576	29,2169840707965	29838
BKIA	19/07/12	30,3385699115045	33,7520920353983	29,9484530973452	33,361975221239	28384
BKIA	20/07/12	35,1662654867257	38,0433769911505	28,973161061947	29,8509238938054	47939
BKIA	23/07/12	28,973161061947	32,3866831858408	26,9738123893806	32,1428601769912	22062
BKIA	24/07/12	33,6057982300886	33,8496212389381	29,0219256637169	32,3866831858408	16336
BKIA	25/07/12	32,82556460177	33,6545628318585	30,6799221238939	32,1428601769912	13581
BKIA	26/07/12	32,82556460177	34,3860318584072	31,8990371681417	33,0693876106195	17471
BKIA	27/07/12	33,8496212389381	34,2397380530974	32,4354477876107	33,6545628318585	12844
BKIA	30/07/12	33,8496212389381	36,0440283185841	33,8496212389381	35,6051469026549	15898
BKIA	31/07/12	36,2878513274337	38,6285522123895	35,8489699115045	38,6285522123895	13670
BKIA	01/08/12	37,6532601769912	42,6272495575222	35,8002053097346	41,2130761061948	23892
BKIA	02/08/12	41,651957522124	46,5284176991151	41,2130761061948	43,1636601769912	40748
BKIA	03/08/12	43,7976000000001	46,2845946902656	41,651957522124	44,7728920353983	21361
BKIA	06/08/12	46,040771681416	47,0160637168143	45,0654796460178	46,1870654867258	15845
BKIA	07/08/12	46,8210053097346	49,6981168141594	46,5284176991151	49,4055292035399	25961
BKIA	08/08/12	52,3801699115045	61,5479150442479	50,9172318584072	61,5479150442479	51105
BKIA	09/08/12	64,6200849557523	80,1759929203541	62,8645592920355	73,4952424778762	102754
BKIA	10/08/12	78,4692318584072	79,2007008849559	53,3554619469028	58,8658619469028	91329
BKIA	13/08/12	48,1376495575222	57,7442761061948	44,0901876106196	49,35676460177	38185
BKIA	14/08/12	49,4542938053098	57,061571681416	49,35676460177	54,8184000000001	41897
BKIA	15/08/12	56,7689840707966	58,719568141593	55,3060460176992	58,3294513274337	18209
BKIA	16/08/12	61,2553274336284	70,1792495575223	60,0849769911506	68,0336070796461	64517
BKIA	17/08/12	72,8613026548674	76,7137061946904	66,1317876106196	71,39836460177	66136
BKIA	20/08/12	72,8125380530975	72,8613026548674	63,5960283185842	68,082371681416	33221
BKIA	21/08/12	69,1551929203541	69,3990159292037	65,5466123893807	67,7410194690267	16060
BKIA	22/08/12	67,9848424778762	67,9848424778762	65,8392000000001	65,9854938053099	5662
BKIA	23/08/12	66,0342584070798	67,8385486725665	58,8658619469028	64,6200849557523	25550
BKIA	24/08/12	63,1083823008851	65,3027893805311	60,6701522123895	61,1577982300886	14821
BKIA	27/08/12	58,719568141593	61,0115044247789	57,9393345132745	59,2559787610621	15560
BKIA	28/08/12	58,2319221238939	58,719568141593	56,3788672566373	56,7689840707966	14924
BKIA	29/08/12	56,3788672566373	65,9854938053099	56,3788672566373	65,9854938053099	29374
BKIA	30/08/12	67,6922548672568	70,1304849557524	62,2306194690267	65,1564955752214	37770
BKIA	31/08/12	65,5466123893807	69,2527221238939	65,1564955752214	69,2527221238939	48026
BKIA	03/09/12	70,1304849557524	70,4230725663718	64,5713203539824	66,5219044247789	14523
BKIA	04/09/12	68,6187823008851	69,8866619469028	67,3996672566373	68,4724884955753	18576
BKIA	05/09/12	67,9848424778762	68,8626053097346	66,6681982300886	67,545961061947	10566
BKIA	06/09/12	69,3014867256639	69,6916035398231	66,2293168141594	66,8632566371683	26305
BKIA	07/09/12	67,9360778761063	69,1551929203541	65,0589663716815	65,5466123893807	17985
BKIA	10/09/12	66,5219044247789	66,7169628318585	61,6454442477877	63,5960283185842	13164
BKIA	11/09/12	62,6695008849559	67,6434902654869	61,1577982300886	67,3996672566373	15347
BKIA	12/09/12	68,3261946902656	69,203957522124	65,6441415929205	66,6681982300886	17060
BKIA	13/09/12	67,009550442478	67,9360778761063	65,7904353982302	66,9607858407081	7177
BKIA	14/09/12	68,4724884955753	68,9601345132745	67,4971964601771	68,082371681416	11282
BKIA	17/09/12	66,7657274336284	67,9360778761063	66,6194336283187	67,3021380530975	7033
BKIA	18/09/12	65,3027893805311	68,4724884955753	65,1077309734515	68,4724884955753	7592
BKIA	19/09/12	67,545961061947	68,1799008849559	66,7657274336284	67,2533734513276	7970
BKIA	20/09/12	66,6194336283187	67,1558442477877	65,5953769911506	66,1317876106196	6831
BKIA	21/09/12	66,6681982300886	69,9354265486727	66,0342584070798	69,9354265486727	20036
BKIA	24/09/12	68,1799008849559	69,9354265486727	67,8385486725665	69,4477805309736	11215
BKIA	25/09/12	69,2527221238939	69,4477805309736	68,082371681416	69,4477805309736	5729
BKIA	26/09/12	68,0336070796461	68,0336070796461	65,5466123893807	65,88796460177	9663
BKIA	27/09/12	65,9854938053099	66,7169628318585	61,6454442477877	64,0836743362833	8705
BKIA	28/09/12	65,9854938053099	65,9854938053099	61,7917380530975	63,1083823008851	6419
BKIA	01/10/12	64,3762619469028	65,351553982301	62,1818548672568	62,620736283186	6339
BKIA	02/10/12	62,0843256637169	62,8645592920355	61,6454442477877	62,2793840707966	4054
BKIA	03/10/12	62,620736283186	62,8157946902656	58,3294513274337	60,8164460176992	5777
BKIA	04/10/12	60,9139752212391	60,962739823009	58,2319221238939	58,719568141593	6235
BKIA	05/10/12	58,9146265486727	58,9146265486727	54,9646938053098	57,0128070796461	9494
BKIA	08/10/12	55,403575221239	55,988750442478	52,0388176991152	52,7215221238939	11324
BKIA	09/10/12	51,5024070796461	51,6487008849559	47,5037097345134	47,5524743362833	15219
BKIA	10/10/12	47,6500035398231	51,4048778761063	46,2845946902656	49,4542938053098	25522
BKIA	11/10/12	48,9178831858408	49,3080000000001	47,5524743362833	49,3080000000001	11604
BKIA	12/10/12	49,893175221239	50,4295858407081	47,6012389380532	47,6012389380532	7444
BKIA	15/10/12	48,235178761062	49,4542938053098	47,7475327433629	49,4542938053098	7589
BKIA	16/10/12	49,941939823009	50,478350442478	48,6252955752213	50,478350442478	9810
BKIA	17/10/12	51,1122902654868	60,0849769911506	51,014761061947	60,0849769911506	30903
BKIA	18/10/12	63,0108530973453	66,5219044247789	61,1577982300886	62,1330902654869	35806
BKIA	19/10/12	60,1825061946904	60,1825061946904	53,3554619469028	53,5017557522125	24671
BKIA	22/10/12	52,3801699115045	59,2072141592922	50,4295858407081	56,3301026548674	25808
BKIA	23/10/12	57,2566300884957	59,6948601769913	55,3548106194691	57,646746902655	15008
BKIA	24/10/12	58,2319221238939	59,0121557522125	56,0375150442479	57,1591008849559	10732
BKIA	25/10/12	57,1591008849559	58,0856283185842	56,2813380530974	56,7689840707966	10370
BKIA	26/10/12	56,2813380530974	56,6226902654868	54,86716460177	55,3060460176992	9029
BKIA	29/10/12	53,4042265486727	54,8184000000001	52,3801699115045	53,3554619469028	9170
BKIA	30/10/12	54,1844601769913	56,9640424778762	54,1844601769913	55,9399858407081	13821
BKIA	31/10/12	56,7202194690267	57,9880991150444	56,0375150442479	56,2813380530974	13598
BKIA	01/11/12	56,2813380530974	57,5004530973453	55,3060460176992	56,4276318584072	5630
BKIA	02/11/12	57,2078654867258	58,2319221238939	55,6961628318585	58,2319221238939	10653
BKIA	05/11/12	56,8177486725665	57,7442761061948	55,8912212389382	55,8912212389382	4643
BKIA	06/11/12	56,6226902654868	56,6226902654868	54,8184000000001	55,2572814159293	5864
BKIA	07/11/12	55,3060460176992	55,988750442478	52,4289345132744	53,4042265486727	18585
BKIA	08/11/12	53,4042265486727	53,8918725663718	50,9659964601771	52,4289345132744	13716
BKIA	09/11/12	52,3801699115045	53,3066973451329	50,0394690265488	50,9172318584072	13549
BKIA	12/11/12	51,551171681416	52,3314053097346	49,4542938053098	49,6005876106196	11843
BKIA	13/11/12	49,8444106194691	50,2832920353983	48,5765309734514	49,6493522123895	11033
BKIA	14/11/12	51,1122902654868	51,1610548672567	48,7228247787611	48,9666477876107	7421
BKIA	15/11/12	49,4542938053098	50,9172318584072	49,0154123893806	49,6493522123895	11061
BKIA	16/11/12	49,941939823009	50,6246442477877	48,5277663716815	48,9666477876107	20170
BKIA	19/11/12	49,6493522123895	50,0882336283187	48,6252955752213	49,7956460176992	11476
BKIA	20/11/12	49,7956460176992	50,0394690265488	49,0154123893806	49,7468814159293	6448
BKIA	21/11/12	49,3080000000001	49,893175221239	48,8691185840709	48,9666477876107	6923
BKIA	22/11/12	49,4542938053098	49,6493522123895	49,0641769911505	49,35676460177	2745
BKIA	23/11/12	49,1129415929204	49,5518230088497	48,9666477876107	49,1129415929204	4769
BKIA	26/11/12	48,9666477876107	49,35676460177	48,8691185840709	48,9666477876107	3966
BKIA	27/11/12	49,941939823009	53,8431079646019	49,941939823009	51,4048778761063	20277
BKIA	28/11/12	52,3314053097346	52,3801699115045	44,4803044247789	46,577182300885	19981
BKIA	29/11/12	47,0160637168143	48,7228247787611	44,7728920353983	46,5284176991151	36753
BKIA	30/11/12	45,6018902654868	46,4796530973452	31,8990371681417	34,6786194690266	99257
BKIA	03/12/12	33,5570336283186	36,2878513274337	29,509571681416	32,3379185840709	64589
BKIA	04/12/12	32,8743292035399	35,5076176991151	32,5329769911505	34,4347964601771	36349
BKIA	05/12/12	36,141557522124	36,7754973451328	34,5810902654868	35,2637946902656	25303
BKIA	06/12/12	35,5076176991151	35,556382300885	33,8496212389381	34,3372672566372	12588
BKIA	07/12/12	34,3372672566372	34,9224424778762	31,9965663716815	32,6305061946903	20227
BKIA	10/12/12	31,167568141593	32,1916247787611	29,8509238938054	31,7527433628319	27085
BKIA	11/12/12	31,8990371681417	33,1181522123894	31,7527433628319	33,0206230088496	24566
BKIA	12/12/12	35,3125592920355	35,3125592920355	33,4595044247788	34,2885026548673	27915
BKIA	13/12/12	34,3372672566372	35,0687362831859	33,361975221239	33,8496212389381	17810
BKIA	14/12/12	33,8008566371682	33,8008566371682	32,5329769911505	33,361975221239	16018
BKIA	17/12/12	33,361975221239	33,361975221239	32,3866831858408	33,361975221239	17435
BKIA	18/12/12	33,6545628318585	33,8008566371682	33,1669168141594	33,6057982300886	15225
BKIA	19/12/12	33,8496212389381	33,9959150442479	33,1181522123894	33,7033274336284	29964
BKIA	20/12/12	33,5570336283186	33,8008566371682	32,5329769911505	33,4595044247788	16196
BKIA	21/12/12	33,0206230088496	33,7520920353983	32,6305061946903	32,6305061946903	20967
BKIA	24/12/12	33,361975221239	33,6057982300886	32,8743292035399	33,1669168141594	6538
BKIA	27/12/12	28,973161061947	29,9484530973452	26,5349309734514	26,6324601769912	59363
BKIA	28/12/12	21,2683539823009	21,6584707964602	17,4159504424779	19,4152991150443	103004
BKIA	31/12/12	19,7078867256638	21,1708247787611	18,7813592920354	18,7813592920354	46618
BKIA	02/01/13	18,7325946902655	19,8054159292036	16,2943646017699	17,6110088495576	146138
BKIA	03/01/13	17,7573026548673	20,3905911504425	17,6597734513275	19,8541805309735	69366
BKIA	04/01/13	20,4881203539823	29,7046300884956	20,2442973451328	29,7046300884956	89734
BKIA	07/01/13	27,9978690265487	28,973161061947	24,0967008849558	25,5108743362832	67631
BKIA	08/01/13	25,3158159292036	28,8756318584071	25,3158159292036	27,7540460176992	47949
BKIA	09/01/13	28,3392212389381	29,8021592920355	27,9978690265487	29,4608070796461	44035
BKIA	10/01/13	29,5583362831859	31,5576849557523	29,5583362831859	31,3626265486726	31520
BKIA	11/01/13	31,8990371681417	33,361975221239	29,2657486725664	29,9972176991151	44073
BKIA	14/01/13	30,4848637168142	31,9965663716815	29,7046300884956	29,9484530973452	17170
BKIA	15/01/13	29,9972176991151	30,9237451327434	29,1682194690266	30,9237451327434	16179
BKIA	16/01/13	30,8262159292036	30,8749805309735	30,045982300885	30,4360991150443	10070
BKIA	17/01/13	30,582392920354	31,167568141593	29,9484530973452	30,9725097345133	8487
BKIA	18/01/13	30,9237451327434	31,3626265486726	30,4848637168142	30,6799221238939	8573
BKIA	21/01/13	30,6799221238939	31,1188035398231	29,9484530973452	30,6799221238939	6248
BKIA	22/01/13	30,6799221238939	30,6799221238939	29,8509238938054	29,9484530973452	7630
BKIA	23/01/13	29,7533946902655	30,2898053097346	27,4126938053098	28,924396460177	14403
BKIA	24/01/13	28,1929274336284	28,7293380530974	27,2664000000001	27,9978690265487	22056
BKIA	25/01/13	27,9978690265487	29,8021592920355	27,5102230088496	28,8756318584071	17927
BKIA	28/01/13	29,9484530973452	29,9484530973452	28,6805734513275	28,7293380530974	6730
BKIA	29/01/13	28,4855150442478	28,7781026548673	27,7052814159293	27,9491044247788	10852
BKIA	30/01/13	27,8028106194691	28,1441628318585	26,0960495575222	26,5349309734514	14837
BKIA	31/01/13	27,2664000000001	27,2664000000001	24,0967008849558	24,6331115044248	22886
BKIA	01/02/13	23,6090548672567	23,999171681416	21,219589380531	21,6584707964602	58998
BKIA	04/02/13	23,3652318584071	23,5602902654868	21,0732955752213	21,6584707964602	31366
BKIA	05/02/13	21,7072353982301	22,6337628318585	21,3171185840708	21,6097061946903	23650
BKIA	06/02/13	22,2924106194691	22,2924106194691	21,0245309734514	21,2683539823009	22792
BKIA	07/02/13	21,6584707964602	23,2677026548673	21,3171185840708	21,6097061946903	27850
BKIA	08/02/13	21,80476460177	22,1948814159292	21,7072353982301	22,1461168141593	13996
BKIA	11/02/13	22,5849982300885	24,9256991150443	21,7072353982301	24,1942300884956	33306
BKIA	12/02/13	24,8281699115045	26,3886371681416	24,1942300884956	25,3158159292036	48464
BKIA	13/02/13	25,5596389380531	26,2911079646018	22,1461168141593	22,5362336283186	46700
BKIA	14/02/13	19,4640637168142	20,5368849557523	16,7820106194691	19,7078867256638	81037
BKIA	15/02/13	17,7573026548673	19,1714761061947	14,636368141593	16,1480707964602	124328
BKIA	18/02/13	16,2943646017699	17,5622442477876	16,2456	16,4406584070797	57995
BKIA	19/02/13	16,5381876106195	16,6844814159292	14,9289557522124	15,8067185840708	49183
BKIA	20/02/13	16,0017769911505	16,2456	15,1240141592921	15,3190725663717	35296
BKIA	21/02/13	15,1240141592921	15,4653663716814	14,4413097345133	15,0752495575222	35075
BKIA	22/02/13	15,0752495575222	15,0752495575222	13,6610761061947	13,9536637168142	46244
BKIA	25/02/13	13,9536637168142	16,5869522123894	12,5394902654867	15,7579539823009	52113
BKIA	26/02/13	15,0264849557522	16,7820106194691	14,0024283185841	14,5388389380531	41261
BKIA	27/02/13	15,3190725663717	15,6604247787611	14,3925451327434	14,3925451327434	24538
BKIA	28/02/13	14,3925451327434	15,5628955752213	13,4660176991151	15,5628955752213	57702
BKIA	01/03/13	15,8067185840708	17,1233628318584	14,587603539823	16,0505415929204	62297
BKIA	04/03/13	15,709189380531	16,0017769911505	14,587603539823	14,8314265486726	35261
BKIA	05/03/13	15,3190725663717	15,5628955752213	14,0999575221239	14,5388389380531	34075
BKIA	06/03/13	14,2462513274337	14,6851327433629	13,5635469026549	13,5635469026549	39895
BKIA	07/03/13	13,3684884955752	13,9536637168142	12,2956672566372	12,4907256637168	56531
BKIA	08/03/13	12,4907256637168	13,3684884955752	12,4907256637168	12,8808424778761	28365
BKIA	11/03/13	13,1246654867257	13,2709592920354	12,929607079646	13,0759008849558	12557
BKIA	12/03/13	13,0759008849558	13,2221946902655	12,4419610619469	12,6370194690266	21421
BKIA	13/03/13	12,7833132743363	13,514782300885	12,5394902654867	13,0271362831859	21938
BKIA	14/03/13	12,978371681416	13,3197238938053	12,8808424778761	13,1246654867257	14999
BKIA	15/03/13	13,1734300884956	14,051192920354	12,6370194690266	13,3684884955752	50320
BKIA	18/03/13	13,2709592920354	13,2709592920354	12,5394902654867	12,7833132743363	19819
BKIA	19/03/13	13,1246654867257	13,514782300885	12,7345486725664	12,7345486725664	27328
BKIA	20/03/13	13,2709592920354	13,7098407079646	12,8808424778761	13,2221946902655	28969
BKIA	21/03/13	12,8808424778761	13,0759008849558	12,4419610619469	12,4419610619469	38047
BKIA	22/03/13	12,393196460177	12,5882548672567	11,9055504424779	11,9543150442478	19140
BKIA	25/03/13	6,29762123893807	9,85743716814161	5,56615221238939	6,882796460177	153361
BKIA	26/03/13	6,882796460177	8,00438230088497	5,6149168141593	6,93156106194692	146944
BKIA	27/03/13	7,32167787610621	10,9302584070797	7,07785486725665	9,12596814159294	113121
BKIA	28/03/13	9,17473274336285	11,0765522123894	7,76055929203541	7,76055929203541	110126
BKIA	02/04/13	9,32102654867259	9,71114336283188	8,34573451327435	8,9796743362832	44899
BKIA	03/04/13	9,07720353982303	9,85743716814161	8,9796743362832	9,27226194690268	58842
BKIA	04/04/13	9,56484955752214	9,75990796460179	8,83338053097347	9,02843893805312	27998
BKIA	05/04/13	9,32102654867259	9,32102654867259	8,68708672566373	9,07720353982303	19068
BKIA	08/04/13	9,22349734513276	9,22349734513276	8,49202831858409	8,9796743362832	9428
BKIA	09/04/13	9,02843893805312	9,51608495575223	8,88214513274338	9,46732035398232	19365
BKIA	10/04/13	9,3697911504425	9,71114336283188	9,27226194690268	9,46732035398232	21651
BKIA	11/04/13	9,71114336283188	9,71114336283188	9,12596814159294	9,22349734513276	15423
BKIA	12/04/13	9,22349734513276	9,22349734513276	8,73585132743364	8,73585132743364	14250
BKIA	15/04/13	8,93090973451329	8,9796743362832	8,73585132743364	8,73585132743364	5480
BKIA	16/04/13	8,73585132743364	8,9796743362832	8,63832212389382	8,78461592920356	8613
BKIA	17/04/13	8,88214513274338	8,9796743362832	8,05314690265488	8,10191150442479	16965
BKIA	18/04/13	8,00438230088497	8,73585132743364	7,80932389380532	8,19944070796462	16448
BKIA	19/04/13	8,49202831858409	8,58955752212391	7,61426548672568	8,00438230088497	23791
BKIA	22/04/13	6,76088495575222	8,49202831858409	6,39515044247789	6,54144424778762	33463
BKIA	23/04/13	6,29274477876108	6,43903858407081	5,63442265486727	5,90750442477877	74386
BKIA	24/04/13	5,85630159292037	6,17570973451329	5,62466973451328	5,85873982300886	55240
BKIA	25/04/13	6,71212035398231	6,92668460176992	6,0586746902655	6,38052106194692	49297
BKIA	26/04/13	6,31712707964603	6,32200353982302	5,7270753982301	5,780716460177	46645
BKIA	29/04/13	5,63929911504426	5,63929911504426	4,99316814159293	5,22480000000001	76290
BKIA	30/04/13	6,7144	46,9144	6,1544	15,7144	352387
BKIA	02/05/13	16,0344	28,3144	16,0344	20,1584	271574
BKIA	03/05/13	22,3184	26,0744	21,1184	24,5144	390182
BKIA	06/05/13	26,1144	26,7144	23,7144	25,7144	189855
BKIA	07/05/13	25,2744	26,4704	22,2344	23,9344	132140
BKIA	08/05/13	22,7184	23,6304	20,9144	23,3144	92824
BKIA	09/05/13	22,8744	24,2744	22,3544	22,8184	111581
BKIA	10/05/13	22,5144	23,5544	21,5184	22,2704	60794
BKIA	13/05/13	21,1144	21,7144	18,7144	19,7944	124103
BKIA	14/05/13	19,2344	19,2344	15,7544	16,3744	125388
BKIA	15/05/13	16,1144	16,1144	12,5144	14,1144	153360
BKIA	16/05/13	13,7144	20,3464	13,7144	18,3144	175845
BKIA	17/05/13	18,3624	21,2344	16,9584	16,9584	138367
BKIA	20/05/13	14,7144	15,6704	8,6384	9,0744	987397
BKIA	21/05/13	9,4344	7,1144	7,1144	7,1144	541725
BKIA	22/05/13	7,2744	7,5144	5,3144	5,3144	1160398
BKIA	23/05/13	3,7144	3,9944	2,1304	2,4344	12348292
BKIA	24/05/13	2,8544	2,8744	2,2344	2,3144	8238100
BKIA	27/05/13	2,4304	2,6024	2,1144	2,1144	8627887
BKIA	28/05/13	1,6424	1,9944	1,6144	1,9944	226452500
BKIA	29/05/13	2,0184	2,2704	1,9544	2,1744	28467150
BKIA	30/05/13	2,2144	2,4344	2,1864	2,4344	20107885
BKIA	31/05/13	2,4344	3,2344	2,3344	3,2344	275969600
BKIA	03/06/13	2,7144	2,9744	2,5944	2,9144	36632500
BKIA	04/06/13	2,9384	2,9944	2,4304	2,4904	15940620
BKIA	05/06/13	2,5104	2,6064	2,4424	2,4824	10134150
BKIA	06/06/13	2,4744	2,5744	2,4544	2,5344	5912160
BKIA	07/06/13	2,5544	2,5864	2,4584	2,4744	4618467
BKIA	10/06/13	2,4944	2,5544	2,4664	2,5144	3934835
BKIA	11/06/13	2,5144	2,5144	2,3624	2,4184	3986360
BKIA	12/06/13	2,4264	2,5384	2,3864	2,5144	4325645
BKIA	13/06/13	2,4584	2,5144	2,4024	2,5144	3625325
BKIA	14/06/13	2,5024	2,5144	2,4464	2,5144	3711922
BKIA	17/06/13	2,4904	2,5384	2,4624	2,5104	3775407
BKIA	18/06/13	2,4904	2,5104	2,4664	2,4944	2155553
BKIA	19/06/13	2,4744	2,5344	2,4184	2,5344	3181245
BKIA	20/06/13	2,4744	2,4944	2,4224	2,4344	4047162
BKIA	21/06/13	2,4344	2,4544	2,2424	2,3944	11660882
BKIA	24/06/13	2,3664	2,3784	2,0544	2,0544	7766300
BKIA	25/06/13	2,0544	2,1104	1,8344	1,9304	11496060
BKIA	26/06/13	1,9824	2,1464	1,9384	2,0504	6176675
BKIA	27/06/13	2,1464	2,2224	2,0104	2,0744	5298197
BKIA	28/06/13	2,1064	2,1224	2,0144	2,0904	3761020
BKIA	01/07/13	2,1544	2,1544	2,0224	2,1144	3361807
BKIA	02/07/13	2,1144	2,1464	2,0264	2,0704	4943492
BKIA	03/07/13	2,0344	2,0544	1,9224	1,9784	3869335
BKIA	04/07/13	1,9944	2,1624	1,9544	2,1344	4322847
BKIA	05/07/13	2,1344	2,1344	2,0584	2,0744	2527140
BKIA	08/07/13	2,0784	2,1264	2,0304	2,0984	3075595
BKIA	09/07/13	2,1304	2,3144	2,0944	2,1984	5514422
BKIA	10/07/13	2,1944	2,2224	2,0704	2,1544	4118540
BKIA	11/07/13	2,1904	2,1904	2,0784	2,0944	2630797
BKIA	12/07/13	2,1144	2,1144	2,0344	2,0384	2969517
BKIA	15/07/13	2,0704	2,1104	2,0184	2,1104	2633835
BKIA	16/07/13	2,1104	2,1344	2,0464	2,0624	1766040
BKIA	17/07/13	2,0784	2,0784	2,0064	2,0424	2290219
BKIA	18/07/13	2,0224	2,1104	1,9944	2,1104	3209460
BKIA	19/07/13	2,0784	2,1184	2,0624	2,1104	2566857
BKIA	22/07/13	2,1064	2,1344	2,0864	2,1344	1756279
BKIA	23/07/13	2,1464	2,3104	2,1264	2,2864	4801057
BKIA	24/07/13	2,2464	2,3424	2,2464	2,3344	3540602
BKIA	25/07/13	2,3184	2,4704	2,2944	2,4344	6232655
BKIA	26/07/13	2,4144	2,4984	2,3984	2,4144	5698635
BKIA	29/07/13	2,3944	2,4184	2,2984	2,3544	4104050
BKIA	30/07/13	2,3384	2,3544	2,2544	2,2864	3424322
BKIA	31/07/13	2,3064	2,3744	2,2864	2,3664	4125447
BKIA	01/08/13	2,4144	2,4344	2,3744	2,4344	3275695
BKIA	02/08/13	2,4344	2,4744	2,3824	2,4344	4697077
BKIA	05/08/13	2,4344	2,4944	2,3984	2,4424	2634070
BKIA	06/08/13	2,4464	2,4664	2,4024	2,4544	2459286
BKIA	07/08/13	2,4424	2,4944	2,4144	2,4944	3606202
BKIA	08/08/13	2,5144	2,7064	2,4624	2,7064	10041297
BKIA	09/08/13	2,7584	2,8344	2,6864	2,7704	8832220
BKIA	12/08/13	2,7784	2,8304	2,7624	2,8224	4467160
BKIA	13/08/13	2,8504	2,8704	2,8144	2,8664	3909042
BKIA	14/08/13	2,8704	3,0264	2,8224	3,0264	8686337
BKIA	15/08/13	3,0104	3,2144	2,9384	3,0504	9798920
BKIA	16/08/13	3,0744	3,1544	3,0584	3,1264	7032922
BKIA	19/08/13	3,1544	3,1904	2,8104	2,9184	8029487
BKIA	20/08/13	2,8744	2,9464	2,7304	2,8864	7174092
BKIA	21/08/13	2,9104	2,9864	2,7664	2,8184	3782287
BKIA	22/08/13	2,8144	2,9264	2,8144	2,8784	5223330
BKIA	23/08/13	2,8944	2,9064	2,7704	2,7944	3978765
BKIA	26/08/13	2,7944	2,8344	2,6984	2,7184	4501025
BKIA	27/08/13	2,6544	2,6784	2,5144	2,5144	9073365
BKIA	28/08/13	2,4984	2,5944	2,4024	2,5704	7719245
BKIA	29/08/13	2,5944	2,6104	2,5064	2,5544	5124030
BKIA	30/08/13	2,5824	2,6104	2,5104	2,5344	5482532
BKIA	02/09/13	2,5544	2,5984	2,5104	2,5144	4294102
BKIA	03/09/13	2,5104	2,5824	2,4984	2,5344	4540890
BKIA	04/09/13	2,5224	2,6104	2,4624	2,6104	7614802
BKIA	05/09/13	2,6184	2,7464	2,6144	2,7304	9443365
BKIA	06/09/13	2,6984	2,8424	2,6344	2,7744	9447570
BKIA	09/09/13	2,7544	2,7824	2,6944	2,7304	5288795
BKIA	10/09/13	2,7864	2,8024	2,7304	2,7544	6697050
BKIA	11/09/13	2,7624	2,8704	2,7544	2,8504	6815485
BKIA	12/09/13	2,8504	3,0744	2,8464	2,9864	11113852
BKIA	13/09/13	2,9504	2,9744	2,8504	2,8784	6086032
BKIA	16/09/13	2,9464	2,9864	2,8744	2,8904	5497047
BKIA	17/09/13	2,8824	2,9024	2,7704	2,8264	5076792
BKIA	18/09/13	2,8264	2,9064	2,7944	2,9024	5923947
BKIA	19/09/13	2,9664	3,0264	2,9384	3,0264	11895037
BKIA	20/09/13	2,9944	3,0264	2,9424	2,9944	8359282
BKIA	23/09/13	2,9944	3,0104	2,9304	2,9664	5944180
BKIA	24/09/13	2,9384	2,9624	2,9144	2,9504	5215175
BKIA	25/09/13	2,9464	3,0064	2,9224	3,0064	5025645
BKIA	26/09/13	2,9784	3,0704	2,9744	3,0384	8080070
BKIA	27/09/13	3,0344	3,0384	2,9384	2,9544	5046020
BKIA	30/09/13	2,8944	2,9424	2,8344	2,9344	4827862
BKIA	01/10/13	2,9344	3,0104	2,9144	3,0024	5006807
BKIA	02/10/13	2,9944	3,0424	2,9584	3,0704	4592092
BKIA	03/10/13	3,0784	3,3664	3,0544	3,3144	20948945
BKIA	04/10/13	3,3024	3,6784	3,2464	3,6264	20811910
BKIA	07/10/13	3,6344	3,8664	3,5824	3,6904	15162862
BKIA	08/10/13	3,6944	3,7944	3,6944	3,7664	15122610
BKIA	09/10/13	3,7464	3,7664	3,6984	3,7464	10485257
BKIA	10/10/13	3,7304	3,7664	3,7184	3,7504	9365230
BKIA	11/10/13	3,7504	3,8304	3,7264	3,7544	8570450
BKIA	14/10/13	3,7584	3,7904	3,7144	3,7664	7754980
BKIA	15/10/13	3,7784	4,0744	3,7704	4,0504	12413500
BKIA	16/10/13	4,0504	4,3944	3,9384	4,1144	15341682
BKIA	17/10/13	4,1904	4,2504	3,9744	4,0664	8856032
BKIA	18/10/13	4,0464	4,1504	4,0064	4,0984	5406590
BKIA	21/10/13	4,1184	4,3464	4,0824	4,2544	8617825
BKIA	22/10/13	4,3144	4,4264	4,2584	4,3424	7688950
BKIA	23/10/13	4,3224	4,3304	3,9984	4,0824	9512687
BKIA	24/10/13	4,0904	4,3624	4,0864	4,3064	7290607
BKIA	25/10/13	4,2384	4,3104	4,2384	4,2464	5454730
BKIA	28/10/13	4,3904	4,4344	4,0024	4,0544	10182070
BKIA	29/10/13	3,9944	4,0464	3,7224	3,9904	9827667
BKIA	30/10/13	4,0344	4,2064	4,0024	4,1384	6818395
BKIA	31/10/13	4,0864	4,1944	4,0504	4,1224	5289445
BKIA	01/11/13	4,0744	4,1144	4,0544	4,0824	2250052
BKIA	04/11/13	4,1184	4,1544	3,9184	3,9864	8467530
BKIA	05/11/13	3,9944	4,0144	3,7864	3,8584	10988680
BKIA	06/11/13	3,8744	3,9744	3,7984	3,9464	9844740
BKIA	07/11/13	3,9704	4,0984	3,8784	3,9784	10058417
BKIA	08/11/13	3,7984	4,0104	3,7984	3,9864	7433337
BKIA	11/11/13	3,9944	4,0464	3,9224	4,0064	7460180
BKIA	12/11/13	3,9864	4,0264	3,9184	3,9264	7195697
BKIA	13/11/13	3,8824	3,9544	3,8184	3,9504	10923272
BKIA	14/11/13	3,9944	3,9944	3,7984	3,9384	10164877
BKIA	15/11/13	3,8344	3,9264	3,5584	3,6904	15058310
BKIA	18/11/13	3,6344	3,7064	3,4344	3,6384	20826360
BKIA	19/11/13	3,6344	3,7544	3,4584	3,4584	10457237
BKIA	20/11/13	3,4544	3,4944	3,2064	3,3144	16531297
BKIA	21/11/13	3,2744	3,3864	3,2024	3,3304	10000062
BKIA	22/11/13	3,3664	3,5744	3,3424	3,5384	12646492
BKIA	25/11/13	3,5904	3,6224	3,3744	3,4024	13645230
BKIA	26/11/13	3,3944	3,4624	3,3304	3,3664	13263495
BKIA	27/11/13	3,3944	3,5504	3,3704	3,5304	10362265
BKIA	28/11/13	3,5424	3,6744	3,5304	3,6584	12083470
BKIA	29/11/13	3,6384	3,7304	3,5944	3,5984	9567025
BKIA	02/12/13	3,6104	3,6304	3,4984	3,5064	7246355
BKIA	03/12/13	3,4904	3,5744	3,4024	3,4664	8059082
BKIA	04/12/13	3,4424	3,4984	3,3624	3,4744	11063967
BKIA	05/12/13	3,4744	3,5464	3,3264	3,3704	13557775
BKIA	06/12/13	3,3704	3,4304	3,3144	3,3904	6782502
BKIA	09/12/13	3,4144	3,6904	3,3824	3,6504	15496330
BKIA	10/12/13	3,6464	3,8624	3,6424	3,8464	14807425
BKIA	11/12/13	3,8624	3,9384	3,7744	3,7784	12328660
BKIA	12/12/13	3,7744	3,8384	3,6664	3,7784	8145917
BKIA	13/12/13	3,7824	3,8744	3,7624	3,8264	8694830
BKIA	16/12/13	3,8264	3,9824	3,8144	3,9744	9505647
BKIA	17/12/13	3,9784	4,0144	3,9144	3,9144	12057512
BKIA	18/12/13	3,9544	4,0424	3,9264	4,0064	10373512
BKIA	19/12/13	4,0824	4,0904	4,0104	4,0784	12260137
BKIA	20/12/13	4,0744	4,1944	4,0024	4,1944	42859700
BKIA	23/12/13	4,1824	4,3464	4,1184	4,3264	11938852
BKIA	24/12/13	4,3264	4,4384	4,3264	4,4064	7676582
BKIA	27/12/13	4,4344	4,4744	4,3984	4,4744	9727527
BKIA	30/12/13	4,5104	4,6704	4,5024	4,6624	15004550
BKIA	31/12/13	4,6704	4,6984	4,5744	4,6504	6689805
BKIA	02/01/14	4,6424	4,6944	4,1544	4,4424	18132057
BKIA	03/01/14	4,4344	4,5504	4,3224	4,4064	9586142
BKIA	06/01/14	4,3984	4,5944	4,3944	4,5824	5615552
BKIA	07/01/14	4,5944	4,8184	4,5384	4,7984	18997017
BKIA	08/01/14	4,7944	4,8664	4,6104	4,7664	17997085
BKIA	09/01/14	4,7664	4,8944	4,6624	4,8344	16205535
BKIA	10/01/14	4,8344	4,9144	4,8144	4,9024	17940292
BKIA	13/01/14	4,9304	5,0464	4,9064	5,0424	15407970
BKIA	14/01/14	4,9544	5,1144	4,8904	5,0544	23450197
BKIA	15/01/14	5,1144	5,2264	5,0584	5,2264	22255635
BKIA	16/01/14	5,2544	5,2664	5,0784	5,1104	18995150
BKIA	17/01/14	5,1104	5,1784	5,0104	5,1144	13175865
BKIA	20/01/14	5,1144	5,2224	5,0744	5,1544	9914145
BKIA	21/01/14	5,1944	5,1984	4,9624	4,9744	11692257
BKIA	22/01/14	5,0344	5,0984	4,7584	4,7984	14129037
BKIA	23/01/14	4,8024	5,0224	4,8024	4,9664	9918507
BKIA	24/01/14	4,9504	4,9704	4,6584	4,7664	14121415
BKIA	27/01/14	4,7544	4,8104	4,4584	4,6344	14813522
BKIA	28/01/14	4,6984	4,9304	4,6944	4,8704	9896710
BKIA	29/01/14	4,9704	5,0744	4,7424	4,9384	12504757
BKIA	30/01/14	-0,2856	4,9424	4,9424	4,9424	0
BKIA	31/01/14	4,9784	5,0104	4,7584	4,8664	9560912
BKIA	03/02/14	4,8984	4,9944	4,8024	4,8664	10871550
BKIA	04/02/14	4,8544	5,0384	4,7944	5,0304	14479785
BKIA	05/02/14	5,0544	5,1144	4,9624	5,0344	12726157
BKIA	06/02/14	5,1064	5,1904	5,0464	5,1904	18750957
BKIA	07/02/14	5,1944	5,3104	5,1624	5,3104	22724612
BKIA	10/02/14	5,3064	5,3144	5,2424	5,3144	13759875
BKIA	11/02/14	5,3144	5,6144	5,3104	5,5944	23219325
BKIA	12/02/14	5,6144	5,7144	5,3664	5,5064	30235750
BKIA	13/02/14	5,5304	5,6944	5,4544	5,6944	20340082
BKIA	19/02/14	5,7824	6,0064	5,7584	5,9664	25425025
BKIA	21/02/14	5,9744	5,9944	5,9184	5,9904	15645305
BKIA	24/02/14	5,9944	6,0224	5,9544	5,9744	12919697
BKIA	25/02/14	5,9584	6,0904	5,8744	6,0904	15328137
BKIA	26/02/14	6,0784	6,1144	6,0744	6,0904	13939402
BKIA	27/02/14	6,0784	6,1024	5,9784	6,0344	17185922
BKIA	28/02/14	5,8504	5,8544	5,6424	5,7984	48911925
BKIA	03/03/14	5,6624	5,7064	5,5184	5,6144	26489325
BKIA	04/03/14	5,6904	5,9184	5,6744	5,9064	20731685
BKIA	05/03/14	5,9224	6,0664	5,9144	6,0344	23492315
BKIA	06/03/14	6,0824	6,1064	6,0544	6,0784	18099465
BKIA	07/03/14	6,0704	6,0824	6,0144	6,0344	11657867
BKIA	10/03/14	6,0744	6,2064	6,0624	6,1424	20842585
BKIA	11/03/14	6,1744	6,2224	5,9624	6,0144	12191117
BKIA	12/03/14	5,9944	6,0224	5,7984	5,8384	17201515
BKIA	13/03/14	5,9064	5,9544	5,7184	5,7184	12505685
BKIA	14/03/14	5,6424	5,6904	5,4184	5,5664	23240187
BKIA	17/03/14	5,5544	5,8824	5,5344	5,8704	11442825
BKIA	18/03/14	5,9144	5,9864	5,7824	5,8104	12919477
BKIA	19/03/14	5,8504	5,8704	5,6944	5,7864	9646762
BKIA	20/03/14	5,7344	5,8344	5,6584	5,7704	10330915
BKIA	21/03/14	5,7984	5,8424	5,6984	5,7704	36988500
BKIA	24/03/14	5,7544	5,7704	5,4384	5,4504	17276917
BKIA	25/03/14	5,5104	5,6064	5,4424	5,5024	10265182
BKIA	26/03/14	5,5664	5,7544	5,4864	5,7144	7943342
BKIA	27/03/14	5,6784	5,8024	5,6184	5,7904	8075087
BKIA	28/03/14	5,8264	5,9104	5,8144	5,8504	7757792
BKIA	31/03/14	5,8584	5,9224	5,7744	5,8424	10851002
BKIA	01/04/14	5,8704	5,9104	5,7904	5,8304	10509995
BKIA	02/04/14	5,8704	5,8784	5,6504	5,6704	9988040
BKIA	03/04/14	5,6864	5,8464	5,6864	5,8144	10079257
BKIA	04/04/14	5,8544	5,9304	5,7704	5,9264	15947735
BKIA	07/04/14	5,8344	5,9304	5,8064	5,8704	6234795
BKIA	08/04/14	5,8984	5,8984	5,6064	5,6504	14884022
BKIA	09/04/14	5,6744	5,7944	5,6344	5,6504	8150085
BKIA	11/04/14	5,5544	5,6464	5,5224	5,6184	1225794
BKIA	11/04/14	5,5544	5,6464	5,4384	5,6024	9521542
BKIA	14/04/14	5,5304	5,5424	5,4544	5,4624	962694
BKIA	15/04/14	5,4744	5,5024	5,3984	5,4184	532086
BKIA	15/04/14	5,4744	5,5024	5,3344	5,3424	6701262
BKIA	16/04/14	5,4064	5,5944	5,3784	5,5944	6051672
BKIA	17/04/14	5,6584	5,7504	5,5784	5,7304	7840400
BKIA	22/04/14	5,7504	5,7824	5,5944	5,7784	6338105
BKIA	23/04/14	5,7424	5,8344	5,7184	5,7864	7707582
BKIA	24/04/14	5,8224	5,8704	5,6344	5,7224	8192307
BKIA	25/04/14	5,6744	5,7184	5,5544	5,5904	6034280
BKIA	28/04/14	5,6584	5,7304	5,6144	5,6344	2641220
BKIA	28/04/14	5,6584	5,7304	5,4144	5,4624	10141672
BKIA	29/04/14	5,5464	5,5904	5,4664	5,5544	8404080
BKIA	30/04/14	5,5144	5,6464	5,5064	5,5904	7648537
BKIA	02/05/14	5,5624	5,6064	5,4944	5,5024	5347872
BKIA	05/05/14	5,5024	5,5144	5,4144	5,4944	5340755
BKIA	06/05/14	5,5224	5,5464	5,4424	5,5024	7030530
BKIA	07/05/14	5,4744	5,5144	5,3584	5,3784	8855310
BKIA	09/05/14	5,4704	5,4944	5,2584	5,2984	10289556
BKIA	12/05/14	5,3464	5,4104	5,3264	5,3744	2915932
BKIA	12/05/14	5,3464	5,5104	5,3144	5,4944	12950332
BKIA	13/05/14	5,5304	5,6744	5,5184	5,6104	16592500
BKIA	14/05/14	5,6424	5,6824	5,5424	5,6104	8629382
BKIA	15/05/14	5,6144	5,6464	5,4344	5,4904	14307150
BKIA	16/05/14	5,4824	5,6504	5,4024	5,6424	13744760
BKIA	19/05/14	5,6344	5,6624	5,4344	5,4664	11451882
BKIA	20/05/14	5,4664	5,5704	5,4664	5,5544	836016
BKIA	20/05/14	5,4664	5,6144	5,4064	5,6104	10540930
BKIA	21/05/14	5,5624	5,6344	5,5024	5,5944	6403420
BKIA	23/05/14	5,5184	5,5744	5,4584	5,5584	6305160
BKIA	26/05/14	5,5744	5,6344	5,5464	5,5984	4910585
BKIA	27/05/14	5,5864	5,6424	5,5824	5,6024	10262182
BKIA	28/05/14	5,6144	5,7544	5,5624	5,7184	15371085
BKIA	29/05/14	5,6464	5,6864	5,5024	5,5984	13487432
BKIA	30/05/14	5,5904	5,7144	5,5824	5,6784	18571867
BKIA	02/06/14	5,6904	5,7144	5,6704	5,7024	7819895
BKIA	03/06/14	5,6904	5,7104	5,5784	5,6264	6670875
BKIA	04/06/14	5,6144	5,6864	5,5904	5,6624	4271640
BKIA	05/06/14	5,6744	5,7944	5,6344	5,7264	15727577
BKIA	06/06/14	5,7664	5,7824	5,6864	5,7664	11510785
BKIA	09/06/14	5,7704	5,8704	5,7624	5,8304	8337317
BKIA	10/06/14	5,7464	5,8544	5,7224	5,7464	7632025
BKIA	11/06/14	5,7544	5,7824	5,5544	5,6024	8817252
BKIA	12/06/14	5,6144	5,6944	5,6024	5,6744	6740809
BKIA	13/06/14	5,6384	5,7424	5,6064	5,7224	6342382
BKIA	16/06/14	5,6824	5,7424	5,5944	5,5944	6882760
BKIA	17/06/14	5,6584	5,7064	5,6144	5,6904	7224462
BKIA	18/06/14	5,7024	5,7344	5,6824	5,7104	6633780
BKIA	19/06/14	5,7544	5,7664	5,6064	5,6144	6450005
BKIA	20/06/14	5,6224	5,6704	5,5584	5,5904	9612160
BKIA	23/06/14	5,6264	5,6504	5,5624	5,5904	4994455
BKIA	24/06/14	5,6064	5,6304	5,4704	5,4704	7382492
BKIA	24/06/14	5,6064	5,6304	5,4704	5,4704	7382492
BKIA	25/06/14	5,4384	5,5304	5,3184	5,3944	15172485
BKIA	26/06/14	5,4104	5,4744	5,3384	5,3864	5999455
BKIA	27/06/14	5,3904	5,4704	5,3704	5,3904	4017920
BKIA	30/06/14	5,4224	5,4464	5,3184	5,3784	4471037
BKIA	01/07/14	5,3944	5,4864	5,3944	5,4424	3321212
BKIA	02/07/14	5,4984	5,5224	5,4824	5,5064	554454
BKIA	02/07/14	5,4984	5,5224	5,4384	5,4584	2532152
BKIA	03/07/14	5,4744	5,5544	5,4184	5,5304	5945022
BKIA	04/07/14	5,5344	5,5584	5,4744	5,4864	3175262
BKIA	07/07/14	5,4624	5,5144	5,4344	5,4544	2891115
BKIA	08/07/14	5,4504	5,4824	5,2984	5,3104	8221275
BKIA	09/07/14	5,3144	5,4584	5,3144	5,4544	4191100
BKIA	10/07/14	5,4584	5,4584	5,1424	5,3824	9798397
BKIA	11/07/14	5,3984	5,5144	5,2744	5,3104	6628380
BKIA	14/07/14	5,3544	5,4184	5,2024	5,3664	5393040
BKIA	15/07/14	5,3504	5,3704	5,1304	5,1824	8408540
BKIA	16/07/14	5,2224	5,3144	5,1464	5,3104	6060485
BKIA	17/07/14	5,2784	5,2984	5,2064	5,2424	4067262
BKIA	18/07/14	5,2024	5,2544	5,1544	5,2544	4119285
BKIA	21/07/14	5,2544	5,2544	5,1544	5,1824	3517597
BKIA	22/07/14	5,2224	5,2704	5,1824	5,2144	4635812
BKIA	23/07/14	5,2104	5,3104	5,1944	5,2504	7300927
BKIA	24/07/14	5,2624	5,5544	5,2304	5,5544	12606327
BKIA	25/07/14	5,5504	5,5784	5,4624	5,5144	9562521
BKIA	28/07/14	5,6144	5,6584	5,5544	5,5904	10071750
BKIA	29/07/14	5,6024	5,6344	5,5064	5,6224	7164825
BKIA	30/07/14	5,6224	5,6944	5,6064	5,6504	9073495
BKIA	31/07/14	5,6184	5,6584	5,5384	5,5984	6537730
BKIA	01/08/14	5,3904	5,5744	5,3824	5,3904	7555870
BKIA	04/08/14	5,4344	5,5224	5,3864	5,4184	5676845
BKIA	05/08/14	5,4584	5,5704	5,3384	5,3584	8592688
BKIA	06/08/14	5,3224	5,3584	5,1584	5,2504	8831535
BKIA	07/08/14	5,2584	5,3184	5,1584	5,1664	7537112
BKIA	08/08/14	5,1344	5,2584	5,0464	5,1944	8125422
BKIA	11/08/14	5,2744	5,3144	5,1624	5,2184	3851285
BKIA	12/08/14	5,2184	5,3704	5,2024	5,2904	4182960
BKIA	13/08/14	5,3184	5,3544	5,2784	5,3504	2379376
BKIA	14/08/14	5,3424	5,4024	5,2544	5,3224	3119097
BKIA	15/08/14	5,3224	5,4264	5,2744	5,3224	3362725
BKIA	18/08/14	5,3944	5,4304	5,3344	5,4264	3945132
BKIA	19/08/14	5,4344	5,5144	5,4104	5,5024	4269462
BKIA	20/08/14	5,4744	5,5384	5,4184	5,5264	3651530
BKIA	21/08/14	5,5184	5,5784	5,4824	5,5544	3997447
BKIA	22/08/14	5,5624	5,6024	5,4424	5,4904	4820855
BKIA	25/08/14	5,5464	5,6224	5,5024	5,6144	5384135
BKIA	26/08/14	5,6064	5,7104	5,5824	5,7104	10842782
BKIA	27/08/14	5,7104	5,7304	5,6744	5,7184	8539577
BKIA	28/08/14	5,6824	5,7144	5,5624	5,5784	5276772
BKIA	29/08/14	5,5664	5,6544	5,5384	5,6024	3634585
BKIA	01/09/14	5,6304	5,6304	5,5264	5,5784	3441465
BKIA	02/09/14	5,5944	5,6744	5,5784	5,6544	4186365
BKIA	03/09/14	5,6704	5,7304	5,6664	5,7064	6540815
BKIA	08/09/14	5,8344	5,8744	5,7664	5,8224	6997530
BKIA	09/09/14	5,8184	5,8464	5,6624	5,6664	5657458
BKIA	10/09/14	5,6784	5,7664	5,6424	5,7344	3517585
BKIA	11/09/14	5,7664	5,7944	5,7064	5,7304	4440635
BKIA	12/09/14	5,7544	5,7664	5,6864	5,7184	2487018
BKIA	15/09/14	5,6864	5,7304	5,6304	5,6384	4037377
BKIA	16/09/14	5,6624	5,6864	5,5544	5,6664	5278460
BKIA	17/09/14	5,7024	5,8504	5,6824	5,8024	6828852
BKIA	22/09/14	5,7944	5,8304	5,7424	5,8024	5307675
BKIA	23/09/14	5,7704	5,7944	5,7064	5,7144	5896017
BKIA	24/09/14	5,6824	5,7584	5,6184	5,6984	5907222
BKIA	25/09/14	5,7064	5,7864	5,6624	5,6944	6630762
BKIA	26/09/14	5,6704	5,7704	5,6224	5,7464	3780700
BKIA	29/09/14	5,7224	5,7384	5,5664	5,5944	6838730
BKIA	30/09/14	5,6184	5,6744	5,5744	5,6264	5694478
BKIA	02/10/14	5,6024	5,6784	5,4344	5,4344	10246931
BKIA	03/10/14	5,5104	5,5384	5,4344	5,5264	5626797
BKIA	06/10/14	5,5744	5,6064	5,5264	5,5384	3712892
BKIA	07/10/14	5,5224	5,5384	5,3944	5,3944	5274157
BKIA	09/10/14	5,3944	5,4024	5,1624	5,1904	8633083
BKIA	10/10/14	5,1544	5,2704	5,1184	5,1504	8824569
BKIA	13/10/14	5,1344	5,3024	5,1264	5,1864	6778738
BKIA	14/10/14	5,1544	5,2184	4,9984	5,1784	9150182
BKIA	15/10/14	5,1664	5,1784	4,8064	4,9544	14986739
BKIA	16/10/14	5,0144	5,0504	4,7144	4,8344	17178174
BKIA	17/10/14	4,8984	5,0744	4,7744	5,0544	12241967
BKIA	20/10/14	5,0624	5,1024	4,9824	5,0944	5792507
BKIA	21/10/14	5,0744	5,2864	5,0504	5,2344	9952710
BKIA	22/10/14	5,2344	5,3264	5,1624	5,3264	9288947
BKIA	23/10/14	5,3304	5,4544	5,2424	5,4344	8056469
BKIA	24/10/14	5,4544	5,5944	5,4424	5,5544	10798245
BKIA	27/10/14	5,6784	5,6784	5,3224	5,4424	11873452
BKIA	28/10/14	5,4664	5,5024	5,3984	5,4424	9356255
BKIA	29/10/14	5,4664	5,4704	5,2784	5,3104	7908355
BKIA	30/10/14	5,3304	5,3744	5,1144	5,2944	8266430
BKIA	31/10/14	5,4024	5,4504	5,2744	5,4224	8107165
BKIA	03/11/14	5,4104	5,4224	5,2184	5,2424	7336845
BKIA	04/11/14	5,2464	5,2944	5,0824	5,1024	7226185
BKIA	05/11/14	5,1984	5,1984	5,0744	5,1104	4851722
BKIA	06/11/14	5,1024	5,2864	4,9984	5,0664	8572436
BKIA	07/11/14	5,0784	5,1064	4,8904	4,9664	8034025
BKIA	10/11/14	4,9664	5,0224	4,9144	5,0224	4327990
BKIA	11/11/14	5,0224	5,1824	5,0224	5,1064	5143635
BKIA	12/11/14	5,1104	5,1424	4,9344	4,9584	6145422
BKIA	13/11/14	4,9744	5,0144	4,8064	4,9224	6250847
BKIA	14/11/14	4,9544	4,9664	4,8704	4,9624	3648203
BKIA	17/11/14	4,9024	5,1744	4,8904	5,1624	6344585
BKIA	18/11/14	5,1744	5,2544	5,1664	5,1944	4670060
BKIA	19/11/14	5,2104	5,2704	5,1704	5,2264	6420725
BKIA	20/11/14	5,2144	5,2144	4,9824	5,0344	5382047
BKIA	21/11/14	5,0144	5,2104	5,0144	5,1944	6462470
BKIA	24/11/14	5,2064	5,3904	5,1704	5,3704	8370620
BKIA	25/11/14	5,3144	5,4144	5,2344	5,2744	9785024
BKIA	26/11/14	5,3024	5,3384	5,2624	5,2744	4652497
BKIA	27/11/14	5,3064	5,3864	5,2944	5,3664	4418505
BKIA	28/11/14	5,3424	5,3824	5,2984	5,3544	4075537
BKIA	01/12/14	5,1624	5,3424	5,1544	5,1624	5513567
BKIA	03/12/14	5,3304	5,4024	5,3144	5,3864	5084847
BKIA	04/12/14	5,4144	5,4304	5,0424	5,0464	13730150
BKIA	05/12/14	4,8944	5,0784	4,8024	5,0464	22732027
BKIA	08/12/14	5,0344	5,1504	5,0024	5,0864	5283272
BKIA	09/12/14	5,0384	5,0424	4,8824	4,8904	8026230
BKIA	10/12/14	4,9544	5,0064	4,8584	4,9144	5720237
BKIA	11/12/14	4,8864	4,9824	4,8584	4,9744	9034026
BKIA	12/12/14	4,9184	4,9824	4,8344	4,8384	6377240
BKIA	16/12/14	4,7184	4,7944	4,4944	4,7784	11355392
BKIA	17/12/14	4,7584	4,7784	4,6304	4,7104	4149747
BKIA	18/12/14	4,7704	5,0784	4,7704	5,0104	12095798
BKIA	19/12/14	5,0704	5,0864	4,7344	4,7704	10623910
BKIA	22/12/14	4,7944	4,8544	4,7224	4,7704	4866360
BKIA	23/12/14	4,7704	4,8864	4,7264	4,8744	3044860
BKIA	24/12/14	4,8624	4,9064	4,8104	4,8984	1175060
BKIA	29/12/14	4,8464	4,8744	4,6104	4,7104	6776202
BKIA	30/12/14	4,6944	4,7064	4,5384	4,6624	6644932
BKIA	31/12/14	4,6664	4,7024	4,6344	4,6664	2928902
BKIA	02/01/15	4,7344	4,8704	4,6784	4,7824	4446692
BKIA	05/01/15	4,7584	4,8464	4,5904	4,6064	6791261
BKIA	06/01/15	4,6144	4,7384	4,5264	4,5744	7639971
BKIA	07/01/15	4,6144	4,6304	4,4704	4,4824	7446897
BKIA	08/01/15	4,5864	4,7704	4,4984	4,5864	16625750
BKIA	09/01/15	4,5144	4,6464	4,3824	4,5024	12431065
BKIA	12/01/15	4,5464	4,5664	4,4424	4,4944	6844935
BKIA	13/01/15	4,5064	4,5304	4,4344	4,5104	6685092
BKIA	14/01/15	4,4504	4,6464	4,4344	4,5024	8022927
BKIA	15/01/15	4,5344	4,6024	4,4584	4,5224	9179017
BKIA	16/01/15	4,5104	4,6104	4,4944	4,5904	8371225
BKIA	19/01/15	4,6144	4,6744	4,5584	4,6304	4186145
BKIA	20/01/15	4,6664	4,7184	4,6464	4,6944	8786237
BKIA	21/01/15	4,7504	4,7544	4,5344	4,6664	7799645
BKIA	22/01/15	4,6864	4,8064	4,6744	4,7544	13340987
BKIA	23/01/15	4,7944	4,8064	4,4984	4,4984	11884632
BKIA	26/01/15	4,4504	4,5664	4,3984	4,5424	7940067
BKIA	27/01/15	4,5584	4,5944	4,4384	4,4904	5992337
BKIA	28/01/15	4,5304	4,5384	4,3184	4,3544	9737027
BKIA	29/01/15	4,3184	4,5344	4,2864	4,5304	9970580
BKIA	30/01/15	4,5344	4,5384	4,2944	4,3544	12097152
BKIA	02/02/15	4,0544	4,3544	3,9864	4,3224	18715757
BKIA	03/02/15	4,4064	4,6544	4,4024	4,5944	20647007
BKIA	04/02/15	4,5944	4,6504	4,4944	4,5304	10972040
BKIA	05/02/15	4,4584	4,4624	4,3824	4,4304	10490012
BKIA	06/02/15	4,4744	4,5984	4,4744	4,5784	12108620
BKIA	09/02/15	4,5304	4,5544	4,3664	4,3984	9518347
BKIA	10/02/15	4,4184	4,4544	4,3384	4,3944	9774162
BKIA	11/02/15	4,4304	4,4504	4,3624	4,3864	6954392
BKIA	12/02/15	4,3904	4,4424	4,3744	4,3944	13764667
BKIA	13/02/15	4,4384	4,7144	4,4224	4,6544	28031100
BKIA	16/02/15	4,6144	4,7624	4,6024	4,7104	9873530
BKIA	17/02/15	4,5944	4,7024	4,5664	4,6424	7653795
BKIA	18/02/15	4,6984	4,7304	4,6744	4,6904	8473357
BKIA	19/02/15	4,6864	4,7184	4,6024	4,6624	9643275
BKIA	20/02/15	4,6704	4,6944	4,6384	4,6784	8876545
BKIA	23/02/15	4,7424	4,7864	4,6984	4,7264	8251947
BKIA	24/02/15	4,7264	4,7704	4,6984	4,7024	7630107
BKIA	25/02/15	4,7104	4,7304	4,5824	4,6104	7570040
BKIA	27/02/15	4,7024	4,9224	4,6584	4,9064	20438537
BKIA	02/03/15	5,0744	5,2144	4,9824	5,0744	21149432
BKIA	03/03/15	5,1024	5,1064	4,9224	4,9464	8670640
BKIA	04/03/15	4,9584	5,0024	4,8544	4,9544	8986275
BKIA	05/03/15	4,9704	5,0504	4,9264	5,0384	10613112
BKIA	06/03/15	5,0544	5,1024	5,0424	5,0824	9519612
BKIA	09/03/15	5,0464	5,0944	4,9944	5,0904	5945077
BKIA	10/03/15	5,0904	5,1104	5,0424	5,0864	9531075
BKIA	11/03/15	5,1104	5,1944	5,0984	5,1544	9836780
BKIA	12/03/15	5,1384	5,1824	5,1144	5,1344	8633465
BKIA	13/03/15	5,1424	5,1704	5,0784	5,1384	5786827
BKIA	16/03/15	5,1504	5,1864	5,1264	5,1304	4950020
BKIA	17/03/15	5,1064	5,1224	4,9744	5,0344	6862155
BKIA	18/03/15	5,0384	5,0544	4,9264	4,9784	7955512
BKIA	19/03/15	5,0104	5,0464	4,9384	4,9664	6405735
BKIA	20/03/15	4,9944	5,1824	4,9584	5,1464	11428447
BKIA	23/03/15	5,0744	5,1584	5,0544	5,0944	11655272
BKIA	24/03/15	5,0944	5,1144	5,0624	5,0904	11479572
BKIA	25/03/15	5,0744	5,1264	5,0744	5,0784	8549685
BKIA	26/03/15	5,0544	5,0664	5,0104	5,0464	7681415
BKIA	27/03/15	5,0544	5,0704	5,0064	5,0144	6416035
BKIA	30/03/15	5,0224	5,0424	4,9504	4,9584	8325375
BKIA	31/03/15	4,9584	4,9904	4,8744	4,9064	8911082
BKIA	01/04/15	4,8904	5,0184	4,8904	4,9904	7904810
BKIA	02/04/15	4,9904	5,0264	4,9544	5,0184	5407230
BKIA	07/04/15	5,0344	5,0384	4,9544	4,9584	9831667
BKIA	08/04/15	4,9744	5,0144	4,9264	4,9344	9780972
BKIA	09/04/15	4,9504	4,9624	4,7944	4,8544	12413740
BKIA	10/04/15	4,8464	4,8744	4,8024	4,8184	8201282
BKIA	13/04/15	4,8344	4,8664	4,8184	4,8344	5785167
BKIA	14/04/15	4,8344	4,9304	4,7864	4,8224	9589340
BKIA	15/04/15	4,8424	4,9144	4,8224	4,8624	7450225
BKIA	16/04/15	4,8584	4,8624	4,7424	4,7664	6828565
BKIA	17/04/15	4,7464	4,7624	4,5944	4,6184	11640882
BKIA	20/04/15	4,6344	4,6504	4,5584	4,6104	5209205
BKIA	21/04/15	4,6064	4,6904	4,6024	4,6504	7714603
BKIA	22/04/15	4,6744	4,7024	4,6104	4,6744	8828707
BKIA	23/04/15	4,6944	4,8264	4,6384	4,8144	7352182
BKIA	24/04/15	4,8304	5,0544	4,7784	4,8864	17486727
BKIA	27/04/15	4,9144	4,9304	4,7304	4,7984	13310937
BKIA	29/04/15	4,6584	4,6704	4,5544	4,5544	11481127
BKIA	30/04/15	4,5744	4,7104	4,5344	4,7024	11114107
BKIA	04/05/15	4,7064	4,7544	4,6384	4,6544	5943912
BKIA	05/05/15	4,6504	4,6744	4,5664	4,5664	6590500
BKIA	06/05/15	4,5664	4,6344	4,5384	4,5904	7198355
BKIA	07/05/15	4,5584	4,6344	4,5184	4,5704	8245438
BKIA	08/05/15	4,5984	4,6224	4,5504	4,5904	6474302
BKIA	11/05/15	4,5984	4,6624	4,5824	4,6384	4528917
BKIA	12/05/15	4,6144	4,6344	4,5904	4,5944	4717391
BKIA	13/05/15	4,6064	4,7064	4,6064	4,6664	6704275
BKIA	14/05/15	4,6424	4,6744	4,6264	4,6544	5287493
BKIA	15/05/15	4,6744	4,6784	4,6024	4,6064	5810787
BKIA	18/05/15	4,6144	4,6224	4,5584	4,5624	5288162
BKIA	19/05/15	4,5944	4,6384	4,5824	4,5984	6311665
BKIA	20/05/15	4,5624	4,6104	4,5344	4,5584	6690532
BKIA	21/05/15	4,5304	4,5864	4,5304	4,5624	6053630
BKIA	22/05/15	4,5744	4,6104	4,5544	4,5664	6431780
BKIA	25/05/15	4,5344	4,5624	4,3784	4,4464	7448047
BKIA	26/05/15	4,4184	4,4664	4,3304	4,4344	7872190
BKIA	27/05/15	4,4544	4,5664	4,4144	4,5584	6035572
BKIA	28/05/15	4,5544	4,5784	4,4744	4,5144	4000397
BKIA	29/05/15	4,4944	4,5104	4,4144	4,4224	4818602
BKIA	01/06/15	4,4384	4,4664	4,3824	4,4224	4718230
BKIA	02/06/15	4,4184	4,5104	4,3904	4,4704	5412476
BKIA	03/06/15	4,4744	4,5304	4,4384	4,5024	5204312
BKIA	04/06/15	4,4744	4,5424	4,4064	4,4584	4685215
BKIA	05/06/15	4,4144	4,4424	4,3744	4,3984	4979417
BKIA	08/06/15	4,3944	4,4104	4,3304	4,3304	4953526
BKIA	09/06/15	4,3224	4,3464	4,2424	4,3424	7695939
BKIA	10/06/15	4,3424	4,4264	4,2984	4,3984	6369715
BKIA	11/06/15	4,4064	4,4664	4,3824	4,4264	5640580
BKIA	12/06/15	4,4184	4,4384	4,3224	4,3704	4102950
BKIA	15/06/15	4,3224	4,3464	4,2744	4,2984	4880937
BKIA	16/06/15	4,2624	4,2904	4,1544	4,2824	6002557
BKIA	17/06/15	4,2944	4,3224	4,2384	4,2744	3959637
BKIA	18/06/15	4,2544	4,3104	4,2344	4,3024	8413710
BKIA	19/06/15	4,3104	4,3664	4,2744	4,2944	6002132
BKIA	22/06/15	4,4144	4,4704	4,3504	4,4584	7284515
BKIA	23/06/15	4,4944	4,5144	4,4624	4,4784	6348345
BKIA	24/06/15	4,4944	4,4944	4,3904	4,4464	3109152
BKIA	25/06/15	4,4104	4,4744	4,3624	4,3824	7572762
BKIA	26/06/15	4,3544	4,4344	4,3344	4,4184	3854457
BKIA	29/06/15	3,9544	4,2464	3,9144	4,2184	11524010
BKIA	30/06/15	4,1944	4,3184	4,1664	4,2664	9619130
BKIA	01/07/15	4,3544	4,3744	4,2584	4,3184	7416552
BKIA	02/07/15	4,3144	4,3344	4,2544	4,2784	3782806
BKIA	03/07/15	4,2744	4,2864	4,1864	4,2144	4722725
BKIA	06/07/15	4,1304	4,1664	3,9704	4,0464	12528492
BKIA	07/07/15	4,0928	4,1328	3,9888	4,0008	8644267
BKIA	08/07/15	4,0128	4,0448	3,9728	4,0128	10914910
BKIA	09/07/15	4,0528	4,2128	4,0328	4,1368	13945110
BKIA	10/07/15	4,2608	4,3008	4,2008	4,2848	9058385
BKIA	13/07/15	4,3328	4,4168	4,3248	4,4048	8038915
BKIA	14/07/15	4,4248	4,4368	4,3928	4,4288	8272832
BKIA	15/07/15	4,4568	4,5168	4,4328	4,4728	5574225
BKIA	16/07/15	4,4728	4,5688	4,4728	4,5528	6553445
BKIA	17/07/15	4,5608	4,5648	4,4768	4,4768	5409127
BKIA	20/07/15	4,5568	4,5848	4,5128	4,5728	4980347
BKIA	21/07/15	4,5808	4,6368	4,5648	4,6248	9554215
BKIA	22/07/15	4,6088	4,7448	4,6008	4,6848	9725165
BKIA	23/07/15	4,7248	4,7408	4,6648	4,7248	5715450
BKIA	24/07/15	4,7248	4,7368	4,6008	4,6408	6845752
BKIA	27/07/15	4,5888	4,8128	4,5768	4,7368	13403600
BKIA	28/07/15	4,7848	4,7848	4,7088	4,7688	5729702
BKIA	29/07/15	4,7728	4,7768	4,6288	4,6448	6037445
BKIA	30/07/15	4,6808	4,6888	4,5888	4,6168	5047100
BKIA	31/07/15	4,6088	4,6208	4,5168	4,5968	5070479
BKIA	03/08/15	4,5848	4,6128	4,5248	4,5888	2989230
BKIA	04/08/15	4,5688	4,5808	4,4128	4,4488	5069435
BKIA	05/08/15	4,4648	4,5408	4,4288	4,4888	4027115
BKIA	06/08/15	4,4848	4,5048	4,4408	4,4648	3153927
BKIA	07/08/15	4,4648	4,4968	4,4168	4,4248	3420450
BKIA	10/08/15	4,4368	4,4728	4,3848	4,4488	2706015
BKIA	11/08/15	4,4488	4,4568	4,3928	4,4088	4481807
BKIA	12/08/15	4,3848	4,4128	4,3328	4,3448	4088415
BKIA	13/08/15	4,4208	4,4368	4,3888	4,4088	3974945
BKIA	14/08/15	4,4128	4,4328	4,2928	4,2968	3473002
BKIA	17/08/15	4,3408	4,3408	4,2248	4,2488	2959697
BKIA	18/08/15	4,2448	4,2768	4,2048	4,2648	2900167
BKIA	19/08/15	4,2488	4,3048	4,2248	4,2488	4587775
BKIA	20/08/15	4,2328	4,2768	4,1208	4,1608	5989467
BKIA	21/08/15	4,0848	4,2128	4,0608	4,0608	5339495
BKIA	24/08/15	3,9528	4,0088	3,7448	3,8608	10425427
BKIA	25/08/15	3,9088	3,9888	3,8608	3,9208	9085300
BKIA	26/08/15	3,9048	4,0008	3,8688	3,9568	6073257
BKIA	27/08/15	4,0648	4,1288	4,0088	4,1048	4296177
BKIA	28/08/15	4,1048	4,1488	4,0328	4,1448	3888367
BKIA	31/08/15	4,1168	4,1408	4,0808	4,0928	3432887
BKIA	01/09/15	4,0408	4,0728	3,9608	3,9888	4607285
BKIA	02/09/15	3,9888	4,0448	3,9168	3,9768	4130270
BKIA	03/09/15	4,0368	4,0368	3,9488	4,0168	5024420
BKIA	04/09/15	3,9768	3,9768	3,8088	3,8648	7209845
BKIA	07/09/15	3,8848	3,9008	3,8048	3,8288	3027550
BKIA	08/09/15	3,8448	3,8808	3,8248	3,8368	4044577
BKIA	09/09/15	3,9208	3,9528	3,8848	3,9208	5138725
BKIA	10/09/15	3,8928	3,9168	3,8288	3,9048	4024887
BKIA	11/09/15	3,9128	3,9128	3,8528	3,8648	3234525
BKIA	14/09/15	3,8648	3,9128	3,8048	3,8368	3182282
BKIA	15/09/15	3,8408	3,9688	3,8368	3,9688	6786723
BKIA	16/09/15	3,9808	4,0528	3,9808	4,0248	6299307
BKIA	17/09/15	4,4368	4,4648	4,1048	4,4168	13965557
BKIA	18/09/15	4,3728	4,3728	4,2408	4,2928	9830282
BKIA	21/09/15	4,2928	4,3208	4,2168	4,2488	3917160
BKIA	22/09/15	4,2648	4,2648	4,0928	4,1648	5095075
BKIA	23/09/15	4,1448	4,2008	4,1328	4,1488	6840625
BKIA	24/09/15	4,1448	4,2048	4,0648	4,1048	4676095
BKIA	25/09/15	4,1848	4,1928	4,1248	4,1728	3772690
BKIA	28/09/15	4,1688	4,3048	4,1288	4,2328	6072230
BKIA	29/09/15	4,1928	4,5008	4,1608	4,4648	9538730
BKIA	30/09/15	4,5408	4,5408	4,3808	4,4168	6678722
BKIA	01/10/15	4,4688	4,4688	4,3288	4,3368	6716542
BKIA	02/10/15	4,3768	4,5008	4,3008	4,3928	7489332
BKIA	05/10/15	4,4688	4,5088	4,3888	4,5048	5681942
BKIA	06/10/15	4,5248	4,7808	4,4968	4,7408	9805690
BKIA	07/10/15	4,7448	4,7768	4,6568	4,7128	11127932
BKIA	08/10/15	4,7128	4,7808	4,6848	4,7768	9300872
BKIA	09/10/15	4,7848	4,8248	4,6208	4,6968	12140377
BKIA	12/10/15	4,6968	4,7328	4,5888	4,6088	5483630
BKIA	13/10/15	4,5968	4,6088	4,4888	4,5408	5917582
BKIA	14/10/15	4,5048	4,5808	4,4888	4,5408	3509870
BKIA	15/10/15	4,5568	4,6048	4,5568	4,5968	4220817
BKIA	16/10/15	4,6248	4,6568	4,5968	4,6048	4203842
BKIA	19/10/15	4,5888	4,6568	4,5688	4,6208	3024002
BKIA	20/10/15	4,6248	4,6448	4,4928	4,5808	3284410
BKIA	21/10/15	4,5808	4,6768	4,5088	4,6648	4187822
BKIA	22/10/15	4,6408	4,6568	4,5648	4,6168	4700702
BKIA	23/10/15	4,6568	4,6608	4,4248	4,4408	7610872
BKIA	26/10/15	4,4648	4,6248	4,4528	4,5728	6993097
BKIA	27/10/15	4,5648	4,5648	4,4328	4,4368	6345622
BKIA	28/10/15	4,4328	4,5008	4,3648	4,4728	4807230
BKIA	29/10/15	4,4808	4,5048	4,3728	4,4648	6487095
BKIA	30/10/15	4,4968	4,4968	4,3968	4,4728	5885802
BKIA	02/11/15	4,4448	4,6368	4,4448	4,5568	5389232
BKIA	03/11/15	4,5768	4,6328	4,5688	4,6208	6594717
BKIA	04/11/15	4,6048	4,6048	4,5008	4,5008	6165622
BKIA	05/11/15	4,5248	4,5248	4,3928	4,4168	4884510
BKIA	06/11/15	4,4248	4,5008	4,4128	4,4928	4870712
BKIA	09/11/15	4,5008	4,5248	4,4768	4,4768	3738520
BKIA	10/11/15	4,4848	4,5008	4,3568	4,3888	4565957
BKIA	11/11/15	4,3848	4,4688	4,3728	4,4128	3203967
BKIA	12/11/15	4,4128	4,4248	4,2328	4,2608	6156962
BKIA	13/11/15	4,2648	4,3368	4,2288	4,3368	5396495
BKIA	16/11/15	4,2648	4,3608	4,2648	4,3488	3038602
BKIA	17/11/15	4,3808	4,4448	4,3608	4,4168	4973142
BKIA	18/11/15	4,4008	4,4448	4,3848	4,4128	4579647
BKIA	19/11/15	4,4408	4,4768	4,4248	4,4728	5377740
BKIA	20/11/15	4,4768	4,4928	4,4128	4,4408	3945445
BKIA	23/11/15	4,4728	4,5808	4,4448	4,5288	4813090
BKIA	24/11/15	4,5048	4,5488	4,4768	4,5408	5472992
BKIA	25/11/15	4,5448	4,5528	4,4008	4,4688	6471072
BKIA	26/11/15	4,4808	4,5448	4,4088	4,4968	4033410
BKIA	27/11/15	4,4888	4,4968	4,4128	4,4288	3250872
BKIA	30/11/15	4,4328	4,5288	4,4088	4,5288	8262417
BKIA	01/12/15	4,5528	4,6448	4,5288	4,6128	9215580
BKIA	02/12/15	4,6128	4,6848	4,5728	4,6168	8010075
BKIA	03/12/15	4,6168	4,7168	4,5248	4,5848	7359022
BKIA	04/12/15	4,5448	4,6528	4,5408	4,6328	4524795
BKIA	07/12/15	4,6568	4,6568	4,4968	4,5208	4045007
BKIA	08/12/15	4,5208	4,5288	4,3208	4,3728	4613957
BKIA	09/12/15	4,3848	4,4048	4,2128	4,3168	5723107
BKIA	10/12/15	4,2968	4,3608	4,2528	4,3008	5723417
BKIA	11/12/15	4,2728	4,3048	4,2008	4,2088	4246935
BKIA	14/12/15	4,2088	4,2528	4,1448	4,1448	3965097
BKIA	15/12/15	4,1688	4,2848	4,1688	4,2528	3725670
BKIA	16/12/15	4,2848	4,3128	4,2288	4,2968	5864967
BKIA	17/12/15	4,3648	4,4648	4,3248	4,3848	6603242
BKIA	18/12/15	4,3448	4,4008	4,2968	4,3368	5523107
BKIA	21/12/15	4,2248	4,2568	4,0888	4,1048	7331122
BKIA	22/12/15	4,1488	4,1888	4,1048	4,1248	5762795
BKIA	23/12/15	4,1448	4,1848	4,1048	4,1768	4047940
BKIA	24/12/15	4,1048	4,1808	4,1048	4,1048	3461577
BKIA	28/12/15	4,1048	4,1528	4,0928	4,1048	3356167
BKIA	29/12/15	4,1048	4,1168	4,0208	4,0448	4351620
BKIA	30/12/15	4,0248	4,0688	4,0088	4,0448	3836305
BKIA	31/12/15	4,0808	4,1008	4,0248	4,0808	1653523
BKIA	04/01/16	4,0288	4,0528	3,9208	3,9608	6264427
BKIA	05/01/16	3,9848	4,0008	3,9328	3,9448	4025812
BKIA	06/01/16	3,9368	3,9368	3,8288	3,8368	5171995
BKIA	07/01/16	3,7568	3,8088	3,6968	3,7448	10062427
BKIA	08/01/16	3,7848	3,8408	3,6808	3,7248	6330950
BKIA	11/01/16	3,7008	3,8328	3,7008	3,7368	5638266
BKIA	12/01/16	3,7728	3,8328	3,7328	3,7448	7376440
BKIA	13/01/16	3,7848	3,8448	3,7608	3,8328	6500890
BKIA	14/01/16	3,7888	3,8288	3,6848	3,7408	7427615
BKIA	15/01/16	3,7328	3,7448	3,5248	3,5568	8543075
BKIA	18/01/16	3,5408	3,6048	3,4888	3,5288	5902822
BKIA	19/01/16	3,6248	3,6648	3,5448	3,5648	5631442
BKIA	20/01/16	3,4848	3,4848	3,4048	3,4448	7542085
BKIA	21/01/16	3,4368	3,6008	3,4368	3,5568	8845327
BKIA	22/01/16	3,6728	3,7048	3,5888	3,6528	7112965
BKIA	25/01/16	3,6768	3,6808	3,4808	3,4928	4206292
BKIA	26/01/16	3,4328	3,5128	3,4128	3,5008	5780490
BKIA	27/01/16	3,4688	3,4848	3,4288	3,4688	4737305
BKIA	28/01/16	3,4288	3,5008	3,2928	3,3328	8033697
BKIA	29/01/16	3,3648	3,4408	3,3448	3,4408	8505520
BKIA	01/02/16	3,6248	3,7848	3,4968	3,5208	15361322
BKIA	02/02/16	3,4768	3,5128	3,2368	3,2928	13124616
BKIA	03/02/16	3,2728	3,2848	3,0768	3,1448	10455015
BKIA	04/02/16	3,2408	3,2768	3,1048	3,2368	7622885
BKIA	05/02/16	3,2408	3,2848	3,1528	3,2048	7364632
BKIA	08/02/16	3,0168	3,2488	2,9488	2,9848	7359320
BKIA	09/02/16	3,0088	3,0688	2,8568	2,8928	8507560
BKIA	10/02/16	2,9288	3,0128	2,8768	2,9248	6893662
BKIA	11/02/16	2,6888	2,8768	2,6768	2,6848	11870682
BKIA	12/02/16	2,7168	2,7528	2,6768	2,7448	8388187
BKIA	15/02/16	2,8128	2,8928	2,7528	2,8648	6844475
BKIA	16/02/16	2,9008	2,9008	2,7728	2,8408	5740560
BKIA	17/02/16	2,8408	3,0168	2,8368	2,9848	8099490
BKIA	18/02/16	3,0208	3,0368	2,8608	2,8808	7250540
BKIA	19/02/16	2,8808	2,8968	2,7448	2,7528	7502257
BKIA	22/02/16	2,8088	2,8288	2,7528	2,7808	7923155
BKIA	23/02/16	2,7688	2,8728	2,7368	2,8248	7180085
BKIA	24/02/16	2,8248	2,8728	2,7088	2,7208	5449562
BKIA	25/02/16	2,7688	2,8008	2,7248	2,7368	4794737
BKIA	26/02/16	2,7808	2,8128	2,7448	2,7888	6310840
BKIA	29/02/16	2,7568	2,9528	2,7528	2,9288	8412640
BKIA	01/03/16	2,9128	2,9688	2,8648	2,9528	6617602
BKIA	02/03/16	2,9848	3,0568	2,9528	3,0528	6958905
BKIA	03/03/16	3,0488	3,0848	3,0008	3,0728	5039297
BKIA	04/03/16	3,0888	3,1088	3,0288	3,0648	6118847
BKIA	07/03/16	3,1048	3,1048	2,9608	3,0408	5632785
BKIA	08/03/16	3,0608	3,0728	2,9848	3,0248	7234437
BKIA	09/03/16	3,0368	3,0688	2,9928	3,0328	5638947
BKIA	10/03/16	3,2328	3,2488	3,0168	3,1208	10519807
BKIA	11/03/16	3,4008	3,5168	3,1808	3,5008	14005842
BKIA	14/03/16	3,5448	3,6168	3,5248	3,5448	10841367
BKIA	15/03/16	3,5608	3,5608	3,4168	3,4568	9362305
BKIA	16/03/16	3,4848	3,5608	3,4248	3,5328	5987272
BKIA	17/03/16	3,5608	3,5768	3,3768	3,4248	9011922
BKIA	18/03/16	3,4528	3,4928	3,3888	3,4888	7802155
BKIA	21/03/16	3,4448	3,5288	3,4048	3,4408	3908445
BKIA	22/03/16	3,4408	3,4408	3,3728	3,4408	4567620
BKIA	23/03/16	3,4568	3,4648	3,3448	3,3688	4237782
BKIA	24/03/16	3,3448	3,3648	3,2808	3,2968	3362742
BKIA	29/03/16	3,3448	3,3768	3,2328	3,2488	3759079
BKIA	30/03/16	3,2888	3,3328	3,2408	3,2448	4322807
BKIA	31/03/16	3,2896	3,3016	3,1576	3,2096	5570897
BKIA	01/04/16	3,2296	3,2376	3,0296	3,1976	5345670
BKIA	04/04/16	3,2016	3,2256	3,1296	3,1536	3356725
BKIA	05/04/16	3,1296	3,1576	3,0656	3,0816	4641530
BKIA	06/04/16	3,1136	3,1376	3,0536	3,0736	4563922
BKIA	07/04/16	3,0896	3,1016	2,9376	2,9536	6249037
BKIA	08/04/16	2,9616	3,0816	2,9456	3,0336	5221352
BKIA	11/04/16	3,0376	3,1016	2,9936	3,0456	4852287
BKIA	12/04/16	3,0496	3,0776	2,9576	3,0016	9555105
BKIA	13/04/16	3,0896	3,2176	3,0376	3,2176	8139280
BKIA	14/04/16	3,2416	3,3016	3,1576	3,3016	5873650
BKIA	15/04/16	3,2736	3,3376	3,2376	3,3216	5702312
BKIA	18/04/16	3,2576	3,4216	3,2296	3,3976	6437810
BKIA	19/04/16	3,4096	3,4336	3,2336	3,2336	10392657
BKIA	20/04/16	3,2416	3,3496	3,2336	3,3256	5731007
BKIA	21/04/16	3,3616	3,4616	3,3416	3,4496	6263937
BKIA	22/04/16	3,4376	3,5096	3,4016	3,4816	5625300
BKIA	25/04/16	3,4856	3,4976	3,3656	3,3736	5027682
BKIA	26/04/16	3,3776	3,4936	3,3776	3,4376	6325992
BKIA	27/04/16	3,4256	3,4896	3,2936	3,3176	8411875
BKIA	28/04/16	3,3096	3,3296	3,2536	3,2616	8976172
BKIA	29/04/16	3,2616	3,3096	3,1256	3,1416	9078875
BKIA	02/05/16	3,1776	3,1776	3,0696	3,1376	3208557
BKIA	03/05/16	3,1496	3,1496	2,9696	2,9696	8266022
BKIA	04/05/16	2,9776	3,0256	2,9456	2,9936	8725452
BKIA	05/05/16	3,0296	3,0336	2,9336	2,9416	5883155
BKIA	06/05/16	2,9496	3,0376	2,9096	3,0056	6319167
BKIA	09/05/16	3,0536	3,0536	2,9656	2,9776	7308545
BKIA	10/05/16	2,9936	3,0496	2,9776	3,0176	5067715
BKIA	11/05/16	3,0176	3,0216	2,9336	2,9496	6329135
BKIA	12/05/16	2,9336	2,9856	2,8896	2,9176	5442930
BKIA	13/05/16	2,8976	2,9376	2,8776	2,9336	4534217
BKIA	16/05/16	2,9336	2,9696	2,8936	2,9616	2876227
BKIA	17/05/16	2,9856	3,0616	2,9256	2,9736	4818615
BKIA	18/05/16	2,9616	2,9976	2,9216	2,9816	4723010
BKIA	19/05/16	2,9576	3,0456	2,9536	2,9696	4423185
BKIA	20/05/16	2,9936	2,9976	2,9336	2,9536	3700265
BKIA	23/05/16	2,9656	2,9816	2,9296	2,9536	3076910
BKIA	24/05/16	2,9336	3,0416	2,9336	3,0376	3479700
BKIA	25/05/16	3,0496	3,2096	3,0416	3,2096	6436537
BKIA	26/05/16	3,1656	3,1696	3,0416	3,1296	5816965
BKIA	27/05/16	3,1256	3,1416	3,0896	3,1336	4536297
BKIA	30/05/16	3,1376	3,1576	3,0976	3,1216	1603761
BKIA	31/05/16	3,0976	3,1096	2,9896	3,0136	6056547
BKIA	01/06/16	3,0256	3,0296	2,9496	3,0136	2968582
BKIA	02/06/16	3,0176	3,1296	3,0176	3,0536	6633630
BKIA	03/06/16	3,0776	3,0776	2,9296	2,9416	5777687
BKIA	06/06/16	2,9536	3,0016	2,9176	2,9616	3279045
BKIA	07/06/16	2,9816	2,9976	2,9416	2,9496	3764030
BKIA	08/06/16	2,9336	2,9496	2,8776	2,8976	4078902
BKIA	09/06/16	2,8896	2,9136	2,8776	2,8856	6300070
BKIA	10/06/16	2,8696	2,8816	2,7776	2,8136	6674665
BKIA	13/06/16	2,7856	2,8096	2,7296	2,7736	5500867
BKIA	14/06/16	2,7296	2,7496	2,6136	2,6256	8117565
BKIA	15/06/16	2,6816	2,7416	2,6176	2,6656	8702940
BKIA	16/06/16	2,6136	2,6176	2,5416	2,5896	7797690
BKIA	17/06/16	2,6336	2,7096	2,6256	2,6696	6233205
BKIA	20/06/16	2,7736	2,7816	2,7336	2,7616	5038592
BKIA	21/06/16	2,7616	2,7736	2,6936	2,6936	7106052
BKIA	22/06/16	2,7296	2,7536	2,6696	2,6896	6816007
BKIA	23/06/16	2,7576	2,7696	2,6776	2,7576	7457792
BKIA	24/06/16	2,4616	2,4616	2,0016	2,1616	22351112
BKIA	27/06/16	2,5296	2,6136	2,2016	2,3176	28729575
BKIA	28/06/16	2,5616	2,6096	2,3776	2,5176	19141252
BKIA	29/06/16	2,5496	2,6136	2,4456	2,4576	13199732
BKIA	30/06/16	2,4056	2,6096	2,3776	2,4736	16275477
BKIA	01/07/16	2,4936	2,5136	2,4496	2,4776	5906620
BKIA	04/07/16	2,5056	2,5256	2,4376	2,4696	5229907
BKIA	05/07/16	2,4416	2,5016	2,4136	2,4136	5301337
BKIA	06/07/16	2,3976	2,4216	2,3056	2,3176	7777722
BKIA	07/07/16	2,3296	2,3536	2,2656	2,3056	7227355
BKIA	08/07/16	2,2896	2,3896	2,2896	2,3696	10571557
BKIA	11/07/16	2,4496	2,4576	2,3776	2,4256	6146592
BKIA	12/07/16	2,5416	2,6056	2,4056	2,5736	9221600
BKIA	13/07/16	2,5696	2,6816	2,5016	2,5536	10425022
BKIA	14/07/16	2,5896	2,6336	2,5456	2,5576	6410697
BKIA	15/07/16	2,5456	2,6096	2,4736	2,5696	7491340
BKIA	18/07/16	2,5856	2,6056	2,5216	2,5696	4837267
BKIA	19/07/16	2,5736	2,6136	2,5096	2,5176	6986607
BKIA	20/07/16	2,5496	2,6216	2,5016	2,6096	6271220
BKIA	21/07/16	2,6376	2,7256	2,6096	2,6176	9210422
BKIA	22/07/16	2,6416	2,7296	2,6416	2,7016	9527762
BKIA	25/07/16	2,7096	2,7136	2,6296	2,6576	3773892
BKIA	26/07/16	2,6536	2,6736	2,5896	2,5896	4397937
BKIA	27/07/16	2,6136	2,7256	2,5936	2,7056	6027400
BKIA	28/07/16	2,6896	2,7056	2,6016	2,6016	4462395
BKIA	29/07/16	2,6136	2,6936	2,6096	2,6336	5677280
BKIA	01/08/16	2,7336	2,7576	2,5776	2,6136	6792842
BKIA	02/08/16	2,5936	2,5936	2,4896	2,4936	7623912
BKIA	03/08/16	2,5176	2,5336	2,4496	2,5056	6073020
BKIA	04/08/16	2,5256	2,5896	2,5136	2,5256	5558182
BKIA	05/08/16	2,5416	2,6056	2,5096	2,6056	3907402
BKIA	08/08/16	2,6096	2,6856	2,6056	2,6616	3476202
BKIA	09/08/16	2,6496	2,6896	2,6256	2,6856	3992882
BKIA	10/08/16	2,6456	2,7696	2,6416	2,7496	6379962
BKIA	11/08/16	2,7736	2,7776	2,7056	2,7496	3107400
BKIA	12/08/16	2,7296	2,7736	2,7256	2,7256	2954412
BKIA	15/08/16	2,7256	2,7496	2,7176	2,7296	2449779
BKIA	16/08/16	2,7096	2,7456	2,6856	2,7056	3510047
BKIA	17/08/16	2,7056	2,7696	2,6976	2,7296	6126995
BKIA	18/08/16	2,7576	2,7696	2,7216	2,7336	6037532
BKIA	19/08/16	2,7416	2,7416	2,6776	2,7016	4605012
BKIA	22/08/16	2,6816	2,7216	2,6736	2,6896	2906585
BKIA	23/08/16	2,6976	2,7656	2,6896	2,7456	4480405
BKIA	24/08/16	2,7336	2,8656	2,7256	2,8216	5302750
BKIA	25/08/16	2,7976	2,8296	2,7816	2,8096	2841945
BKIA	26/08/16	2,7936	2,8576	2,7696	2,8456	3925725
BKIA	29/08/16	2,8456	2,8856	2,8256	2,8496	2892400
BKIA	30/08/16	2,8256	2,8816	2,8216	2,8576	4215552
BKIA	31/08/16	2,8576	2,9456	2,8496	2,9136	8971865
BKIA	01/09/16	2,9296	3,0736	2,9256	3,0216	12117997
BKIA	02/09/16	3,0296	3,0376	2,9336	3,0296	7664172
BKIA	05/09/16	3,0536	3,0616	3,0016	3,0296	4490800
BKIA	06/09/16	3,0376	3,0416	2,9336	2,9336	5694880
BKIA	07/09/16	2,9416	2,9616	2,9096	2,9416	3968280
BKIA	08/09/16	2,9456	3,0096	2,9336	2,9816	5765855
BKIA	09/09/16	2,9656	3,0136	2,9456	2,9736	3202210
BKIA	12/09/16	2,9296	2,9536	2,9136	2,9296	4153917
BKIA	13/09/16	2,9696	2,9696	2,9016	2,9056	4842700
BKIA	14/09/16	2,9136	2,9176	2,8376	2,8896	5017972
BKIA	15/09/16	2,8976	2,9296	2,8696	2,8976	6083500
BKIA	16/09/16	2,8856	2,8896	2,7736	2,7936	8398790
BKIA	19/09/16	2,8096	2,8256	2,7496	2,7616	5018537
BKIA	20/09/16	2,7336	2,7656	2,7096	2,7296	4592805
BKIA	21/09/16	2,7896	2,8296	2,7776	2,8216	5941270
BKIA	22/09/16	2,8216	2,8616	2,7896	2,8216	5805767
BKIA	23/09/16	2,8056	2,8056	2,7056	2,7296	4960822
BKIA	26/09/16	2,7056	2,7296	2,6416	2,6976	5035017
BKIA	27/09/16	2,7096	2,7256	2,6496	2,6776	3814675
BKIA	28/09/16	2,6936	2,7256	2,6656	2,6896	3485727
BKIA	29/09/16	2,7456	2,7576	2,7096	2,7456	5144455
BKIA	30/09/16	2,6976	2,8296	2,6096	2,8096	12752092
BKIA	03/10/16	2,8096	2,8256	2,7496	2,7896	2992715
BKIA	04/10/16	2,8016	2,8496	2,7936	2,8216	5277835
BKIA	05/10/16	2,8016	2,8816	2,7816	2,8776	4702057
BKIA	06/10/16	2,8896	2,9376	2,8776	2,9056	4880117
BKIA	07/10/16	2,8936	2,9336	2,8616	2,9016	4520820
BKIA	10/10/16	2,8896	2,9216	2,8416	2,9096	3779567
BKIA	11/10/16	2,9136	2,9336	2,8816	2,9296	3377495
BKIA	12/10/16	2,9376	2,9576	2,9256	2,9336	3790375
BKIA	13/10/16	2,9056	2,9296	2,7856	2,8016	7294772
BKIA	14/10/16	2,8136	2,8576	2,8056	2,8056	5300805
BKIA	17/10/16	2,7856	2,8656	2,7816	2,8336	4768892
BKIA	18/10/16	2,8576	2,9376	2,8376	2,9336	4814085
BKIA	19/10/16	2,9336	2,9496	2,8616	2,8656	8642352
BKIA	20/10/16	2,8816	2,9296	2,8696	2,9296	6100212
BKIA	21/10/16	2,9136	3,0056	2,9096	3,0056	8463612
BKIA	24/10/16	3,0256	3,1456	3,0216	3,1296	10626747
BKIA	25/10/16	3,1616	3,1616	3,0576	3,0976	7703485
BKIA	26/10/16	3,0496	3,0696	2,9856	3,0616	7781620
BKIA	27/10/16	3,0456	3,1656	3,0416	3,1536	7983927
BKIA	28/10/16	3,1536	3,1616	3,0736	3,1536	5924295
BKIA	31/10/16	3,0976	3,1536	3,0936	3,0976	4697370
BKIA	01/11/16	3,1216	3,1496	3,0936	3,1056	5883710
BKIA	02/11/16	3,0576	3,0736	2,9896	3,0496	6794065
BKIA	03/11/16	3,0736	3,0896	3,0336	3,0456	4633957
BKIA	04/11/16	3,0296	3,0456	2,9896	3,0376	4919162
BKIA	07/11/16	3,0696	3,0896	3,0496	3,0776	4192262
BKIA	08/11/16	3,0976	3,1296	3,0456	3,1176	5359360
BKIA	09/11/16	2,9536	3,1496	2,9376	3,1456	7731307
BKIA	10/11/16	3,3736	3,4056	3,1736	3,2816	16212585
BKIA	11/11/16	3,3176	3,4176	3,2456	3,4056	10537165
BKIA	14/11/16	3,4416	3,5696	3,4296	3,5016	12200045
BKIA	15/11/16	3,5416	3,5416	3,3976	3,4616	9254197
BKIA	16/11/16	3,4736	3,4856	3,3696	3,3896	9119547
BKIA	17/11/16	3,3536	3,4016	3,2896	3,3896	7640300
BKIA	18/11/16	3,4136	3,4416	3,3376	3,3656	7685495
BKIA	21/11/16	3,3616	3,3656	3,3096	3,3456	4716687
BKIA	22/11/16	3,3616	3,3896	3,3296	3,3656	4970255
BKIA	23/11/16	3,3496	3,3656	3,2776	3,2976	6253830
BKIA	24/11/16	3,3016	3,3376	3,2816	3,3096	2961597
BKIA	25/11/16	3,3056	3,3176	3,2496	3,2496	3710547
BKIA	28/11/16	3,2496	3,2496	3,1576	3,1696	5537855
BKIA	29/11/16	3,1576	3,2136	3,1456	3,1776	5074350
BKIA	30/11/16	3,1896	3,2696	3,1416	3,2536	7755372
BKIA	01/12/16	3,2136	3,3016	3,1936	3,2896	4562687
BKIA	02/12/16	3,3176	3,3416	3,1976	3,2216	6021967
BKIA	05/12/16	3,1696	3,3536	3,1496	3,2496	8154600
BKIA	06/12/16	3,4456	3,4896	3,2456	3,4816	8998032
BKIA	07/12/16	3,4896	3,5976	3,4896	3,5976	10503717
BKIA	08/12/16	3,6096	3,8216	3,6016	3,7896	10695855
BKIA	09/12/16	3,7016	3,8016	3,6296	3,7016	9207400
BKIA	12/12/16	3,7096	3,8336	3,7056	3,7216	8291400
BKIA	13/12/16	3,7136	3,8816	3,6936	3,8016	12120800
BKIA	14/12/16	3,7696	3,8216	3,7656	3,7696	7523480
BKIA	15/12/16	3,8056	4,0216	3,7896	4,0096	14937175
BKIA	16/12/16	3,9976	4,0176	3,9096	3,9096	13287310
BKIA	19/12/16	3,8936	3,9416	3,8056	3,8056	9750030
BKIA	20/12/16	3,8056	3,8616	3,8016	3,8336	7468027
BKIA	21/12/16	3,8416	3,9096	3,7136	3,7936	11386940
BKIA	22/12/16	3,7936	3,8256	3,7576	3,7816	4284012
BKIA	23/12/16	3,8136	3,8256	3,7656	3,7696	3453762
BKIA	27/12/16	3,7696	3,7896	3,7656	3,7856	3196222
BKIA	28/12/16	3,7736	3,8056	3,7696	3,7856	4278785
BKIA	29/12/16	3,7696	3,7816	3,7656	3,7656	4082067
BKIA	30/12/16	3,7696	3,8056	3,7696	3,7736	4030700
BKIA	02/01/17	3,7696	3,8536	3,7616	3,8136	2380059
BKIA	03/01/17	3,8296	4,0336	3,8296	3,9816	9398732
BKIA	04/01/17	4,0056	4,0096	3,9496	3,9856	5746135
BKIA	05/01/17	3,9816	4,0656	3,9696	4,0216	5872415
BKIA	06/01/17	4,0296	4,0416	3,9736	4,0096	3058102
BKIA	09/01/17	4,0336	4,0416	3,9656	3,9696	5819545
BKIA	10/01/17	3,9656	3,9696	3,8416	3,9176	6153380
BKIA	11/01/17	3,9216	3,9376	3,8656	3,9136	7091785
BKIA	12/01/17	3,9096	3,9256	3,8256	3,8496	5920490
BKIA	13/01/17	3,8896	3,9056	3,8536	3,9016	5656007
BKIA	16/01/17	3,8536	3,8656	3,7496	3,7856	7481722
BKIA	17/01/17	3,7696	3,7816	3,6976	3,7536	8906210
BKIA	18/01/17	3,7696	3,7736	3,7136	3,7376	5797810
BKIA	19/01/17	3,7616	3,8176	3,7216	3,7656	7950257
BKIA	20/01/17	3,7296	3,7856	3,7176	3,7816	4960197
BKIA	23/01/17	3,7296	3,7576	3,6576	3,6896	6735082
BKIA	24/01/17	3,7136	3,7616	3,6856	3,7616	4605482
BKIA	25/01/17	3,7976	3,9136	3,7816	3,8856	10201602
BKIA	26/01/17	3,8536	3,9296	3,8376	3,8496	7851910
BKIA	27/01/17	3,8776	3,8816	3,7936	3,8216	6889462
BKIA	30/01/17	3,8016	3,8976	3,7736	3,7976	5898335
BKIA	31/01/17	3,7976	3,8736	3,7696	3,7896	7970952
BKIA	01/02/17	3,8496	3,8536	3,7856	3,7976	4629695
BKIA	02/02/17	3,7816	3,9136	3,7736	3,8616	8575977
BKIA	03/02/17	3,8896	3,8896	3,8336	3,8616	3908370
BKIA	06/02/17	3,8576	3,8856	3,7216	3,7216	7807545
BKIA	07/02/17	3,7376	3,7416	3,6736	3,6896	7062360
BKIA	08/02/17	3,6936	3,7176	3,5616	3,6496	8372490
BKIA	09/02/17	3,6856	3,7296	3,6576	3,7136	6560305
BKIA	10/02/17	3,7816	3,7856	3,6496	3,6696	6199395
BKIA	13/02/17	3,6896	3,7056	3,6456	3,6936	4135395
BKIA	14/02/17	3,6896	3,7296	3,6736	3,7256	3599357
BKIA	15/02/17	3,7456	3,7816	3,7056	3,7136	4553255
BKIA	16/02/17	3,7136	3,7496	3,6896	3,7256	5846770
BKIA	17/02/17	3,7376	3,7376	3,6376	3,7056	7425282
BKIA	20/02/17	3,7296	3,7416	3,6536	3,6656	4284390
BKIA	21/02/17	3,6696	3,7376	3,6216	3,7296	5858795
BKIA	22/02/17	3,7296	3,7376	3,6136	3,6576	7818757
BKIA	23/02/17	3,6336	3,6456	3,5736	3,5936	9457507
BKIA	24/02/17	3,5696	3,5936	3,5136	3,5536	6741110
BKIA	27/02/17	3,5696	3,5896	3,5336	3,5736	4845865
BKIA	28/02/17	3,5856	3,6216	3,5656	3,6216	5110722
BKIA	01/03/17	3,6616	3,7736	3,6496	3,7576	9641447
BKIA	02/03/17	3,7696	3,7816	3,7136	3,7376	6321637
BKIA	03/03/17	3,7296	3,8096	3,7056	3,8096	6426752
BKIA	06/03/17	3,7936	3,8216	3,7656	3,8096	3950632
BKIA	07/03/17	3,8056	3,8216	3,7736	3,8216	3820630
BKIA	08/03/17	3,8216	3,8376	3,7856	3,8016	6576610
BKIA	09/03/17	3,7896	3,8896	3,7896	3,8776	10744670
BKIA	10/03/17	3,8856	4,0256	3,8736	3,9856	13904472
BKIA	13/03/17	4,0096	4,0296	3,9496	4,0056	5803702
BKIA	14/03/17	4,0016	4,0096	3,9536	3,9856	7055432
BKIA	15/03/17	4,0176	4,1536	4,0016	4,1176	13611847
BKIA	16/03/17	4,1976	4,2256	4,1016	4,1376	13322887
BKIA	17/03/17	4,1376	4,2096	4,1376	4,1816	12245250
BKIA	20/03/17	4,1776	4,2176	4,1616	4,1656	6979810
BKIA	21/03/17	4,2056	4,2536	4,1616	4,1816	8613327
BKIA	22/03/17	4,1616	4,2656	4,0696	4,2296	8821127
BKIA	23/03/17	4,2376	4,2536	4,1976	4,2296	6160350
BKIA	24/03/17	4,2256	4,2496	4,1936	4,1976	5314705
BKIA	27/03/17	4,1696	4,2176	4,0976	4,2056	6219372
BKIA	28/03/17	4,2376	4,2656	4,2096	4,2656	4797447
BKIA	29/03/17	4,32	4,356	4,2	4,252	6554470
BKIA	30/03/17	4,26	4,276	4,212	4,236	6643397
BKIA	31/03/17	4,224	4,264	4,204	4,264	8004677
BKIA	03/04/17	4,248	4,296	4,216	4,22	6986060
BKIA	04/04/17	4,204	4,264	4,188	4,26	6854315
BKIA	05/04/17	4,26	4,32	4,248	4,248	5419770
BKIA	06/04/17	4,216	4,32	4,196	4,32	4772570
BKIA	07/04/17	4,252	4,34	4,252	4,332	5034217
BKIA	10/04/17	4,308	4,336	4,26	4,268	3928400
BKIA	11/04/17	4,216	4,244	4,176	4,188	6358487
BKIA	12/04/17	4,196	4,22	4,092	4,1	7518337
BKIA	13/04/17	4,084	4,088	4,004	4,052	5921792
BKIA	18/04/17	4,056	4,08	3,988	4,024	9450767
BKIA	19/04/17	4,036	4,176	4,032	4,14	9110547
BKIA	20/04/17	4,104	4,22	4,096	4,2	9701955
BKIA	21/04/17	4,24	4,292	4,164	4,236	10652670
BKIA	24/04/17	4,356	4,452	4,348	4,432	15890490
BKIA	25/04/17	4,424	4,46	4,36	4,444	9610670
BKIA	26/04/17	4,476	4,504	4,436	4,504	9838352
BKIA	27/04/17	4,48	4,5	4,36	4,392	9133945
BKIA	28/04/17	4,428	4,472	4,344	4,456	8885605
BKIA	02/05/17	4,456	4,5	4,38	4,4	6946600
BKIA	03/05/17	4,392	4,424	4,352	4,388	7735802
BKIA	04/05/17	4,396	4,552	4,364	4,552	12656005
BKIA	05/05/17	4,504	4,624	4,496	4,624	8941942
BKIA	08/05/17	4,672	4,676	4,468	4,532	10081852
BKIA	09/05/17	4,52	4,56	4,444	4,464	8997132
BKIA	10/05/17	4,456	4,472	4,364	4,44	7797072
BKIA	11/05/17	4,464	4,492	4,36	4,404	7095705
BKIA	12/05/17	4,4	4,46	4,392	4,42	5394155
BKIA	15/05/17	4,44	4,444	4,364	4,428	4413242
BKIA	16/05/17	4,416	4,48	4,372	4,408	7583665
BKIA	16/05/17	4,416	4,48	4,372	4,408	7583665
BKIA	17/05/17	4,376	4,384	4,18	4,22	13170770
BKIA	18/05/17	4,2	4,212	4,072	4,116	15501427
BKIA	19/05/17	4,136	4,216	4,08	4,172	11809577
BKIA	22/05/17	4,152	4,188	4,064	4,116	10802457
BKIA	23/05/17	4,076	4,216	4,076	4,212	12911155
BKIA	24/05/17	4,22	4,228	4,152	4,204	9566482
BKIA	25/05/17	4,228	4,252	4,092	4,152	8766875
BKIA	26/05/17	4,152	4,192	4,1	4,192	7409045
BKIA	29/05/17	4,188	4,212	4,172	4,2	3917862
BKIA	30/05/17	4,16	4,208	4,124	4,148	5794592
BKIA	31/05/17	4,14	4,164	4,08	4,096	17392457
BKIA	01/06/17	4,1	4,1	4,008	4,056	7901509
BKIA	02/06/17	4,14	4,196	4,076	4,116	8207202
BKIA	05/06/17	4,09	4,155	4,039	4,133	6829621
BKIA	06/06/17	4,124	4,13	4,06	4,118	6105226
BKIA	07/06/17	4,163	4,4	4,149	4,322	17284590
BKIA	08/06/17	4,337	4,36	4,179	4,25	11956140
BKIA	09/06/17	4,255	4,327	4,194	4,243	7657231
BKIA	12/06/17	4,226	4,24	4,135	4,173	9106113
BKIA	13/06/17	4,172	4,194	4,108	4,146	8421398
BKIA	14/06/17	4,161	4,186	4,082	4,084	7148167
BKIA	15/06/17	4,095	4,106	4,03	4,085	9245264
BKIA	16/06/17	4,06	4,1	3,959	4,001	15727260
BKIA	19/06/17	4,028	4,099	4,028	4,085	8141035
BKIA	20/06/17	4,107	4,111	4,022	4,027	6433546
BKIA	21/06/17	4,015	4,08	3,926	4,055	6710220
BKIA	22/06/17	4,054	4,054	4,001	4,046	4769350
BKIA	23/06/17	4,03	4,069	4,01	4,011	3569659
BKIA	26/06/17	4,037	4,086	4,027	4,028	3778854
BKIA	27/06/17	4,1	4,227	4,1	4,17	17362940
BKIA	28/06/17	4,173	4,358	4,136	4,338	13753870
BKIA	29/06/17	4,395	4,435	4,274	4,295	11802860
BKIA	30/06/17	4,3	4,312	4,219	4,232	6933068
BKIA	03/07/17	4,267	4,441	4,251	4,441	7936823
BKIA	04/07/17	4,432	4,528	4,396	4,511	14175880
BKIA	05/07/17	4,506	4,541	4,477	4,515	11930280
BKIA	06/07/17	4,53	4,624	4,489	4,595	19029080
BKIA	07/07/17	4,6	4,62	4,534	4,58	8475435
BKIA	10/07/17	4,605	4,609	4,513	4,59	9469511
BKIA	11/07/17	4,58	4,595	4,51	4,572	7863384
BKIA	12/07/17	4,563	4,604	4,484	4,52	12828960
BKIA	13/07/17	4,532	4,559	4,508	4,533	5955244
BKIA	14/07/17	0	4,494	4,494	4,494	0
BKIA	17/07/17	4,514	4,516	4,47	4,514	4343290
BKIA	18/07/17	4,433	4,507	4,416	4,433	4983908
BKIA	19/07/17	4,391	4,445	4,376	4,391	4891107
BKIA	20/07/17	4,407	4,427	4,355	4,407	4193787
BKIA	21/07/17	4,351	4,357	4,26	4,295	6303407
BKIA	24/07/17	4,293	4,326	4,232	4,293	4870511
BKIA	25/07/17	4,413	4,448	4,32	4,413	4968060
BKIA	26/07/17	4,3	4,466	4,27	4,3	7615433
BKIA	27/07/17	4,327	4,336	4,28	4,327	3537225
BKIA	28/07/17	4,344	4,357	4,252	4,344	4847884
BKIA	31/07/17	4,282	4,361	4,279	4,282	4291442
BKIA	01/08/17	4,328	4,333	4,273	4,328	3720096
BKIA	02/08/17	4,303	4,342	4,296	4,303	2800145
BKIA	03/08/17	4,32	4,33	4,26	4,32	3158203
BKIA	04/08/17	4,411	4,417	4,319	4,411	5863643
BKIA	07/08/17	4,4	4,43	4,373	4,4	3439732
BKIA	08/08/17	4,371	4,398	4,366	4,371	2726329
BKIA	09/08/17	4,255	4,35	4,213	4,255	6542473
BKIA	10/08/17	4,155	4,26	4,139	4,155	5824043
BKIA	11/08/17	4,135	4,17	4,085	4,135	3928556
BKIA	14/08/17	4,192	4,213	4,158	4,192	2380887
BKIA	15/08/17	4,17	4,205	4,142	4,17	2841001
BKIA	16/08/17	4,216	4,227	4,18	4,216	3150637
BKIA	17/08/17	4,147	4,203	4,126	4,147	3658631
BKIA	18/08/17	4,158	4,173	4,085	4,158	4038698
BKIA	21/08/17	4,124	4,167	4,123	4,124	2505268
BKIA	22/08/17	4,122	4,141	4,106	4,122	3267589
BKIA	23/08/17	4,078	4,153	4,072	4,078	3605679
BKIA	24/08/17	4,114	4,128	4,086	4,114	1934509
BKIA	25/08/17	4,096	4,133	4,095	4,096	2047394
BKIA	28/08/17	4,077	4,107	4,07	4,077	673053
BKIA	29/08/17	4,005	4,054	3,987	4,005	5354039
BKIA	30/08/17	4,018	4,053	3,994	4,018	3322695
BKIA	31/08/17	4,089	4,098	4,028	4,089	6314234
BKIA	01/09/17	4,043	4,109	4,023	4,043	3038431
BKIA	04/09/17	4,03	4,038	4,001	4,03	1970546
BKIA	05/09/17	3,908	4,046	3,908	3,908	6732623
BKIA	06/09/17	3,9	3,948	3,874	3,9	4310539
BKIA	07/09/17	3,875	3,926	3,847	3,875	5292207
BKIA	08/09/17	3,879	3,899	3,832	3,879	4084254
BKIA	11/09/17	3,976	3,976	3,892	3,976	2740300
BKIA	12/09/17	4,009	4,025	3,962	4,009	2297486
BKIA	13/09/17	4,03	4,063	3,993	4,03	4606126
BKIA	14/09/17	3,965	4,037	3,946	3,965	5260023
BKIA	15/09/17	3,968	4,018	3,935	3,968	6676133
BKIA	18/09/17	3,978	4,013	3,965	3,978	4382143
BKIA	19/09/17	3,99	3,99	3,899	3,99	7832369
BKIA	20/09/17	3,975	4,021	3,935	3,975	4460599
BKIA	21/09/17	4,015	4,02	3,991	4,015	3465255
BKIA	22/09/17	3,981	4,02	3,981	3,981	2058103
BKIA	25/09/17	3,94	3,989	3,917	3,94	3176815
BKIA	26/09/17	3,963	3,975	3,916	3,963	3390023
BKIA	27/09/17	4,086	4,12	3,985	4,086	5835031
BKIA	28/09/17	4,032	4,129	4,022	4,032	5198123
BKIA	29/09/17	4,08	4,102	3,982	4,08	6518878
BKIA	02/10/17	3,944	4,087	3,918	3,944	9504801
BKIA	03/10/17	4	4	3,924	4	7285760


