TICKER,FECHA,APERTURA,MAXIMO,MINIMO,ULTIMO,VOLUMEN
DIA	05/07/11	2,8	2,92	2,604	2,604	107808000
DIA	06/07/11	2,646	2,727	2,6	2,65	62462430
DIA	07/07/11	2,77	3,07	2,692	3,05	48222530
DIA	08/07/11	3,157	3,246	2,937	2,985	35614050
DIA	11/07/11	2,883	2,923	2,81	2,895	26767810
DIA	12/07/11	2,826	2,94	2,8	2,9	30595880
DIA	13/07/11	2,815	2,95	2,8	2,911	31504370
DIA	14/07/11	2,805	3,02	2,8	2,94	23611750
DIA	15/07/11	2,801	2,88	2,8	2,829	18622730
DIA	18/07/11	2,782	2,835	2,752	2,77	26139840
DIA	19/07/11	2,71	2,826	2,661	2,8	23866570
DIA	20/07/11	2,8	2,889	2,7	2,7	11984280
DIA	21/07/11	2,8	2,835	2,652	2,673	25329730
DIA	22/07/11	2,7	2,748	2,675	2,701	17815300
DIA	25/07/11	2,666	2,72	2,66	2,692	5401751
DIA	26/07/11	2,706	2,72	2,63	2,68	11462580
DIA	27/07/11	2,644	2,699	2,391	2,473	14901160
DIA	28/07/11	2,456	2,581	2,359	2,43	19794960
DIA	29/07/11	2,39	2,421	2,19	2,35	21726230
DIA	01/08/11	2,325	2,39	2,21	2,218	12064690
DIA	02/08/11	2,2	2,2	2,07	2,121	13245730
DIA	03/08/11	2,095	2,105	1,951	2,021	16619220
DIA	04/08/11	2,055	2,13	1,89	1,901	16034980
DIA	05/08/11	1,84	2,051	1,762	2,026	21222660
DIA	08/08/11	2,03	2,219	1,97	1,997	6941864
DIA	09/08/11	2,008	2,047	1,823	1,949	6924026
DIA	10/08/11	2	2,1	1,931	1,951	9174007
DIA	11/08/11	1,996	2,14	1,96	2,07	12179990
DIA	12/08/11	2,078	2,23	2,078	2,182	9908147
DIA	15/08/11	2,2	2,247	2,161	2,221	9761363
DIA	16/08/11	2,202	2,24	2,17	2,21	4699051
DIA	17/08/11	2,19	2,22	2,09	2,16	2753927
DIA	18/08/11	2,141	2,16	1,937	2,067	4118837
DIA	19/08/11	2,07	2,098	1,93	2,017	6209810
DIA	22/08/11	2,01	2,075	1,952	2,019	2566953
DIA	23/08/11	2,04	2,041	1,98	2,013	2557385
DIA	24/08/11	2,032	2,083	2,004	2,05	3520393
DIA	25/08/11	2,086	2,1	2,02	2,08	4985886
DIA	26/08/11	2,071	2,074	1,98	2,025	3404426
DIA	29/08/11	2,041	2,099	1,995	2,045	2002573
DIA	30/08/11	2,09	2,269	2,09	2,21	14981400
DIA	31/08/11	2,215	2,46	2,213	2,4	10080330
DIA	01/09/11	2,388	2,404	2,285	2,36	10938990
DIA	02/09/11	2,335	2,367	2,271	2,342	6001550
DIA	05/09/11	2,3	2,34	2,265	2,312	7374459
DIA	06/09/11	2,3	2,37	2,261	2,332	6927537
DIA	07/09/11	2,393	2,441	2,366	2,397	7474170
DIA	08/09/11	2,4	2,504	2,361	2,383	7463983
DIA	09/09/11	2,361	2,45	2,311	2,363	4425932
DIA	12/09/11	2,298	2,36	2,269	2,309	5082090
DIA	13/09/11	2,35	2,36	2,171	2,203	7119859
DIA	14/09/11	2,182	2,289	2,161	2,28	6994243
DIA	15/09/11	2,296	2,371	2,275	2,336	5083074
DIA	16/09/11	2,38	2,438	2,331	2,391	8879185
DIA	19/09/11	2,364	2,42	2,332	2,35	3994486
DIA	20/09/11	2,34	2,373	2,3	2,351	5369774
DIA	21/09/11	2,345	2,361	2,301	2,338	4358721
DIA	22/09/11	2,274	2,31	2,22	2,22	10575140
DIA	23/09/11	2,249	2,249	2,129	2,188	6059701
DIA	26/09/11	2,15	2,23	2,122	2,166	17717180
DIA	27/09/11	2,214	2,349	2,17	2,332	8558391
DIA	28/09/11	2,308	2,39	2,298	2,351	7383160
DIA	29/09/11	2,351	2,494	2,31	2,473	7193511
DIA	30/09/11	2,458	2,54	2,349	2,372	8990417
DIA	03/10/11	2,317	2,345	2,295	2,322	4303521
DIA	04/10/11	2,307	2,43	2,254	2,384	7363679
DIA	05/10/11	2,431	2,438	2,38	2,436	3576593
DIA	06/10/11	2,445	2,55	2,405	2,545	7096772
DIA	07/10/11	2,549	2,653	2,508	2,616	6588526
DIA	10/10/11	2,611	2,694	2,546	2,694	4508855
DIA	11/10/11	2,684	2,74	2,59	2,6	5591401
DIA	12/10/11	2,622	2,695	2,59	2,64	4174405
DIA	13/10/11	2,619	2,675	2,619	2,646	3639622
DIA	14/10/11	2,646	2,734	2,646	2,689	4432158
DIA	17/10/11	2,7	2,75	2,7	2,718	3265029
DIA	18/10/11	2,7	2,706	2,621	2,65	4081332
DIA	19/10/11	2,647	2,676	2,605	2,637	2961571
DIA	20/10/11	2,611	2,736	2,611	2,632	4525848
DIA	21/10/11	2,64	2,75	2,616	2,731	2947801
DIA	24/10/11	2,746	2,76	2,701	2,71	2411334
DIA	25/10/11	2,7	2,75	2,655	2,74	2756320
DIA	26/10/11	2,74	2,77	2,71	2,76	3296421
DIA	27/10/11	2,8	2,8	2,676	2,74	5309209
DIA	28/10/11	2,766	2,779	2,71	2,73	5554140
DIA	31/10/11	2,71	2,778	2,681	2,705	3432477
DIA	01/11/11	2,656	2,7	2,56	2,599	5692175
DIA	02/11/11	2,646	2,731	2,581	2,655	4918191
DIA	03/11/11	2,61	2,724	2,601	2,65	5476631
DIA	04/11/11	2,651	2,699	2,59	2,618	4622677
DIA	07/11/11	2,581	2,604	2,505	2,6	3979246
DIA	08/11/11	2,616	2,69	2,602	2,618	4950427
DIA	09/11/11	2,611	2,65	2,514	2,533	2140109
DIA	10/11/11	2,504	2,58	2,48	2,513	1981609
DIA	11/11/11	2,51	2,595	2,498	2,585	1846656
DIA	14/11/11	2,591	2,6	2,47	2,473	2618782
DIA	15/11/11	2,401	2,649	2,401	2,566	8936283
DIA	16/11/11	2,568	2,72	2,561	2,68	5284220
DIA	17/11/11	2,7	2,728	2,624	2,643	3378909
DIA	18/11/11	2,649	2,661	2,596	2,64	1593854
DIA	21/11/11	2,62	2,7	2,56	2,632	2167147
DIA	22/11/11	2,63	2,688	2,461	2,495	4244967
DIA	23/11/11	2,476	2,62	2,476	2,524	2844266
DIA	24/11/11	2,531	2,579	2,49	2,503	2361137
DIA	25/11/11	2,495	2,525	2,341	2,39	3613589
DIA	28/11/11	2,413	2,589	2,4	2,553	3247859
DIA	29/11/11	2,55	2,6	2,534	2,56	1844259
DIA	30/11/11	2,57	2,749	2,539	2,749	14351190
DIA	01/12/11	2,755	2,899	2,72	2,838	6553886
DIA	02/12/11	2,84	2,87	2,767	2,786	4017161
DIA	05/12/11	2,8	2,83	2,73	2,754	2970836
DIA	06/12/11	2,74	2,793	2,665	2,673	2305095
DIA	07/12/11	2,73	2,77	2,63	2,737	4196765
DIA	08/12/11	2,769	2,8	2,575	2,617	3159459
DIA	09/12/11	2,67	2,73	2,635	2,675	3729939
DIA	12/12/11	2,7	2,737	2,661	2,706	1860145
DIA	13/12/11	2,736	2,738	2,623	2,635	3125546
DIA	14/12/11	2,658	2,733	2,604	2,623	3038236
DIA	15/12/11	2,62	2,645	2,536	2,552	3972835
DIA	16/12/11	2,585	2,648	2,552	2,58	4136052
DIA	19/12/11	2,584	2,72	2,57	2,632	2590048
DIA	20/12/11	2,656	2,71	2,616	2,657	3742007
DIA	21/12/11	2,7	2,706	2,605	2,645	2915507
DIA	22/12/11	2,611	2,68	2,595	2,651	4385077
DIA	23/12/11	2,658	2,68	2,625	2,659	2003981
DIA	27/12/11	2,651	2,729	2,644	2,725	685335
DIA	28/12/11	2,738	2,8	2,71	2,76	2022481
DIA	29/12/11	2,754	2,846	2,75	2,817	4406165
DIA	30/12/11	2,824	2,895	2,824	2,895	10311160
DIA	02/01/12	2,898	2,979	2,8	2,979	4312995
DIA	03/01/12	2,996	2,996	2,872	2,957	6139666
DIA	04/01/12	2,925	3,049	2,91	2,966	4488886
DIA	05/01/12	3	3,07	2,965	3,044	6844485
DIA	06/01/12	3,027	3,16	3,027	3,142	7888383
DIA	09/01/12	3,14	3,18	3,07	3,108	7035598
DIA	10/01/12	3,116	3,149	3	3,054	6594597
DIA	11/01/12	3,044	3,1	3	3	5577020
DIA	12/01/12	3,029	3,042	2,865	2,94	9225030
DIA	13/01/12	2,973	3,037	2,954	3,016	4584528
DIA	16/01/12	3	3,063	2,96	2,97	2476115
DIA	17/01/12	3,01	3,073	2,975	2,981	4803606
DIA	18/01/12	2,988	3,025	2,923	2,987	2792620
DIA	19/01/12	3,02	3,02	2,93	3,001	5313992
DIA	20/01/12	3,006	3,05	2,962	3,036	5045755
DIA	23/01/12	3,035	3,102	3,019	3,099	3446979
DIA	24/01/12	3,09	3,167	3,064	3,115	5316798
DIA	25/01/12	3,13	3,15	3	3,052	5490542
DIA	26/01/12	3,076	3,1	3,04	3,055	2659882
DIA	27/01/12	3,05	3,115	3,025	3,025	4310953
DIA	30/01/12	3	3,043	2,941	2,952	4595303
DIA	31/01/12	2,969	2,99	2,92	2,931	5137536
DIA	01/02/12	2,95	3,057	2,945	3,046	4143081
DIA	02/02/12	3,077	3,097	2,98	3,021	3754153
DIA	03/02/12	3,028	3,065	3,003	3,045	3002599
DIA	06/02/12	3,05	3,08	3,03	3,046	2271795
DIA	07/02/12	3,041	3,041	2,966	2,966	4354098
DIA	08/02/12	2,971	2,993	2,94	2,94	4642364
DIA	09/02/12	2,95	3,002	2,934	2,935	6983116
DIA	10/02/12	2,93	3,08	2,93	3,03	6711307
DIA	13/02/12	3,05	3,09	3,02	3,085	2987698
DIA	14/02/12	3,077	3,123	3,011	3,08	5249568
DIA	15/02/12	3,054	3,077	2,911	2,933	8074549
DIA	16/02/12	2,9	2,921	2,836	2,9	7067942
DIA	17/02/12	2,915	2,942	2,837	2,842	7280754
DIA	20/02/12	2,857	2,919	2,811	2,91	5455027
DIA	21/02/12	2,916	2,976	2,883	2,963	4273803
DIA	22/02/12	2,963	2,963	2,886	2,886	2476350
DIA	23/02/12	2,9	2,911	2,82	2,842	2672279
DIA	24/02/12	2,848	2,975	2,826	2,949	5014657
DIA	27/02/12	2,94	2,95	2,876	2,928	2348257
DIA	28/02/12	3,048	3,168	3,022	3,149	9177825
DIA	29/02/12	3,193	3,299	3,069	3,07	8581645
DIA	01/03/12	3,076	3,132	3,03	3,076	5161147
DIA	02/03/12	3,069	3,091	2,99	3,014	3481830
DIA	05/03/12	3,011	3,078	3,005	3,065	3908486
DIA	06/03/12	3,064	3,094	2,996	3,018	6640030
DIA	07/03/12	3,009	3,053	2,963	2,98	5259669
DIA	08/03/12	2,986	3,15	2,968	3,095	7374074
DIA	09/03/12	3,115	3,14	3,05	3,087	3881610
DIA	12/03/12	3,09	3,144	3,078	3,117	3293640
DIA	13/03/12	3,136	3,291	3,102	3,215	5011571
DIA	14/03/12	3,24	3,249	3,116	3,138	4211530
DIA	15/03/12	3,13	3,178	3,082	3,156	3691030
DIA	16/03/12	3,168	3,168	3,05	3,135	7641930
DIA	19/03/12	3,14	3,185	3,09	3,14	1670466
DIA	20/03/12	3,149	3,228	3,14	3,212	3829169
DIA	21/03/12	3,219	3,224	3,162	3,17	3277454
DIA	22/03/12	3,16	3,18	3,113	3,153	2444067
DIA	23/03/12	3,145	3,22	3,141	3,201	3140320
DIA	26/03/12	3,21	3,22	3,147	3,169	4051037
DIA	27/03/12	3,186	3,208	3,112	3,13	4571628
DIA	28/03/12	3,133	3,147	2,954	2,998	5702620
DIA	29/03/12	2,984	3,09	2,954	3,078	5476455
DIA	30/03/12	3,07	3,13	3,02	3,117	4085743
DIA	02/04/12	3,13	3,13	3,055	3,102	3185062
DIA	03/04/12	3,116	3,15	3,086	3,1	2977414
DIA	04/04/12	3,094	3,094	2,938	2,964	4312794
DIA	05/04/12	2,964	2,999	2,871	2,934	3465707
DIA	10/04/12	2,9	2,965	2,855	2,876	4662804
DIA	11/04/12	2,876	2,919	2,771	2,919	6181535
DIA	12/04/12	2,944	2,948	2,852	2,87	5798878
DIA	13/04/12	2,87	2,929	2,797	2,81	3677937
DIA	16/04/12	2,8	2,899	2,775	2,843	2539035
DIA	17/04/12	2,85	2,93	2,822	2,926	2319034
DIA	18/04/12	2,936	2,936	2,77	2,81	5354199
DIA	19/04/12	2,834	2,876	2,786	2,859	3900678
DIA	20/04/12	2,86	2,9	2,816	2,86	3346786
DIA	23/04/12	2,85	2,85	2,715	2,754	3467227
DIA	24/04/12	2,786	2,936	2,751	2,932	5534112
DIA	25/04/12	2,935	3,043	2,935	2,979	5059307
DIA	26/04/12	3	3,012	2,899	3,012	3820674
DIA	27/04/12	2,99	3,09	2,945	3,068	4730181
DIA	30/04/12	3,069	3,1	3,009	3,02	2590295
DIA	02/05/12	3,08	3,09	2,955	3,05	3961928
DIA	03/05/12	3,054	3,07	2,991	2,999	5062899
DIA	04/05/12	3,012	3,035	2,855	2,892	3154581
DIA	07/05/12	2,85	2,97	2,8	2,936	2622371
DIA	08/05/12	2,94	2,99	2,868	2,883	2376317
DIA	09/05/12	2,896	2,939	2,83	2,938	3213178
DIA	10/05/12	2,938	3	2,901	2,988	4203651
DIA	11/05/12	3,04	3,21	3,032	3,164	8716415
DIA	14/05/12	3,16	3,16	3,002	3,047	3730627
DIA	15/05/12	3,095	3,11	2,972	3,085	3952949
DIA	16/05/12	3,063	3,069	2,965	3	4921005
DIA	17/05/12	3,031	3,08	3,001	3,032	1561968
DIA	18/05/12	3,02	3,086	3,009	3,053	3027701
DIA	21/05/12	3,077	3,08	3,023	3,057	3222759
DIA	22/05/12	3,05	3,12	3,03	3,095	3107008
DIA	23/05/12	3,083	3,109	2,92	2,973	3112995
DIA	24/05/12	2,998	3,07	2,93	3,07	3085323
DIA	25/05/12	3,055	3,106	3,019	3,106	2434084
DIA	28/05/12	3,119	3,144	3,056	3,068	1173816
DIA	29/05/12	3,07	3,093	2,985	3	4100327
DIA	30/05/12	2,98	3,046	2,96	2,974	2979265
DIA	31/05/12	3	3	2,878	2,941	5934977
DIA	01/06/12	2,903	2,965	2,718	2,787	5563249
DIA	04/06/12	2,78	2,879	2,745	2,817	2259857
DIA	05/06/12	2,852	2,959	2,843	2,921	2272090
DIA	06/06/12	2,95	2,983	2,857	2,928	5067496
DIA	07/06/12	2,93	2,972	2,891	2,921	3420718
DIA	08/06/12	2,921	2,928	2,804	2,928	3805531
DIA	11/06/12	2,995	3,06	2,858	2,872	4229218
DIA	12/06/12	2,898	2,91	2,855	2,89	2794885
DIA	13/06/12	2,91	2,911	2,822	2,869	3321727
DIA	14/06/12	2,88	2,889	2,811	2,889	2650185
DIA	15/06/12	2,892	2,93	2,87	2,93	4148483
DIA	18/06/12	2,98	3	2,841	2,87	2252635
DIA	19/06/12	2,85	2,888	2,775	2,853	4547319
DIA	20/06/12	2,878	2,878	2,82	2,85	4812953
DIA	21/06/12	2,83	2,97	2,82	2,944	3546997
DIA	22/06/12	2,9	2,997	2,883	2,982	2410447
DIA	25/06/12	2,959	2,96	2,87	2,917	1768180
DIA	26/06/12	2,9	2,959	2,825	2,834	3536655
DIA	27/06/12	2,87	3	2,825	2,993	3478413
DIA	28/06/12	2,98	3,03	2,953	3,013	3672732
DIA	29/06/12	3,075	3,14	3,01	3,11	3847308
DIA	02/07/12	3,12	3,19	3,079	3,186	5164875
DIA	03/07/12	3,178	3,2	3,151	3,191	2783731
DIA	04/07/12	3,169	3,21	3,165	3,188	2467501
DIA	05/07/12	3,176	3,24	3,176	3,214	4282766
DIA	06/07/12	3,208	3,229	3,093	3,121	3763630
DIA	09/07/12	3,116	3,153	3,061	3,068	3271239
DIA	10/07/12	3,012	3,15	3,001	3,144	3537686
DIA	11/07/12	3,13	3,16	3,08	3,112	3270982
DIA	12/07/12	3,072	3,155	3,07	3,149	3995365
DIA	13/07/12	3,15	3,19	3,12	3,161	4263750
DIA	16/07/12	3,173	3,256	3,162	3,241	3736295
DIA	17/07/12	3,286	3,31	3,185	3,258	3202310
DIA	18/07/12	3,295	3,41	3,285	3,347	6192270
DIA	19/07/12	3,36	3,444	3,359	3,413	4161861
DIA	20/07/12	3,41	3,44	3,162	3,301	4193419
DIA	23/07/12	3,291	3,291	3,127	3,245	4462257
DIA	24/07/12	3,26	3,284	3,13	3,21	1915183
DIA	25/07/12	3,179	3,305	3,14	3,16	2450118
DIA	26/07/12	3,16	3,31	3,155	3,203	3102566
DIA	27/07/12	3,21	3,397	3,17	3,39	3298470
DIA	30/07/12	3,41	3,508	3,387	3,501	3719796
DIA	31/07/12	3,51	3,62	3,49	3,53	4480793
DIA	01/08/12	3,54	3,571	3,261	3,366	2955930
DIA	02/08/12	3,47	3,506	3,26	3,39	3864679
DIA	03/08/12	3,41	3,547	3,31	3,479	2284783
DIA	06/08/12	3,51	3,613	3,5	3,613	2641324
DIA	07/08/12	3,589	3,75	3,541	3,75	4544107
DIA	08/08/12	3,712	3,78	3,677	3,692	5826591
DIA	09/08/12	3,7	3,708	3,54	3,596	3689581
DIA	10/08/12	3,59	3,689	3,585	3,631	2008423
DIA	13/08/12	3,63	3,69	3,513	3,61	1714365
DIA	14/08/12	3,619	3,688	3,619	3,68	1497060
DIA	15/08/12	3,69	3,71	3,661	3,708	605873
DIA	16/08/12	3,71	3,845	3,681	3,822	3335844
DIA	17/08/12	3,837	3,86	3,67	3,693	2934727
DIA	20/08/12	3,71	3,78	3,56	3,561	3251459
DIA	21/08/12	3,565	3,769	3,56	3,76	2619176
DIA	22/08/12	3,729	3,732	3,631	3,682	1148088
DIA	23/08/12	3,7	3,71	3,591	3,605	1509712
DIA	24/08/12	3,596	3,632	3,57	3,6	919656
DIA	27/08/12	3,628	3,67	3,615	3,657	636688
DIA	28/08/12	3,651	3,66	3,585	3,66	1115288
DIA	29/08/12	3,636	3,659	3,587	3,655	1219012
DIA	30/08/12	3,611	3,758	3,585	3,758	1778907
DIA	31/08/12	3,7	3,77	3,7	3,731	1986737
DIA	03/09/12	3,735	3,758	3,646	3,675	1293540
DIA	04/09/12	3,668	3,72	3,63	3,63	701487
DIA	05/09/12	3,647	3,71	3,635	3,641	2217909
DIA	06/09/12	3,67	3,76	3,64	3,76	2808621
DIA	07/09/12	3,76	3,77	3,65	3,662	3773476
DIA	10/09/12	3,661	3,717	3,661	3,699	1276140
DIA	11/09/12	3,695	3,743	3,685	3,715	1943581
DIA	12/09/12	3,75	3,75	3,666	3,72	3625428
DIA	13/09/12	3,72	3,81	3,695	3,81	3560938
DIA	14/09/12	3,81	3,9	3,803	3,823	5363289
DIA	17/09/12	3,83	3,83	3,72	3,74	2608815
DIA	18/09/12	3,71	3,73	3,671	3,707	2038331
DIA	19/09/12	3,705	3,878	3,69	3,87	2619524
DIA	20/09/12	3,813	3,82	3,773	3,8	1738945
DIA	21/09/12	3,83	3,87	3,801	3,839	3319940
DIA	24/09/12	3,81	3,84	3,81	3,823	1472148
DIA	25/09/12	3,811	3,84	3,805	3,84	1078936
DIA	26/09/12	3,79	3,809	3,64	3,658	2719226
DIA	27/09/12	3,666	3,75	3,666	3,71	1302663
DIA	28/09/12	3,757	3,842	3,756	3,805	3089644
DIA	01/10/12	3,81	3,895	3,72	3,766	3740117
DIA	02/10/12	3,759	3,897	3,731	3,897	2086965
DIA	03/10/12	3,86	3,897	3,78	3,855	2200414
DIA	04/10/12	3,858	3,895	3,818	3,848	1800159
DIA	05/10/12	3,86	3,89	3,853	3,89	1581891
DIA	08/10/12	3,873	3,91	3,848	3,903	1769979
DIA	09/10/12	3,91	4,06	3,9	4,019	4469804
DIA	10/10/12	3,999	4,029	3,967	4	3783030
DIA	11/10/12	3,993	4,13	3,97	4,033	2417249
DIA	12/10/12	4,037	4,08	4,03	4,04	1273864
DIA	15/10/12	4,06	4,187	4,04	4,13	3778706
DIA	16/10/12	4,167	4,23	4,131	4,165	3359899
DIA	17/10/12	4,21	4,21	4,049	4,08	6596084
DIA	18/10/12	4,05	4,104	4,001	4,07	3606135
DIA	19/10/12	4,071	4,189	4,05	4,149	4384354
DIA	22/10/12	4,14	4,15	4,096	4,13	2567383
DIA	23/10/12	4,13	4,14	4,068	4,096	1202977
DIA	24/10/12	4,098	4,144	4,081	4,144	1348821
DIA	25/10/12	4,121	4,199	4,113	4,19	1694033
DIA	26/10/12	4,175	4,195	4,091	4,1	2283946
DIA	29/10/12	4,22	4,255	4,146	4,17	3522511
DIA	30/10/12	4,21	4,225	4,147	4,164	3104542
DIA	31/10/12	4,164	4,208	4,154	4,18	4114572
DIA	01/11/12	4,202	4,319	4,176	4,296	3712121
DIA	02/11/12	4,31	4,37	4,21	4,366	2647724
DIA	05/11/12	4,349	4,36	4,27	4,35	1526263
DIA	06/11/12	4,36	4,49	4,34	4,37	2994129
DIA	07/11/12	4,397	4,45	4,36	4,438	5042632
DIA	08/11/12	4,446	4,46	4,33	4,39	2531459
DIA	09/11/12	4,386	4,412	4,31	4,381	3107183
DIA	12/11/12	4,402	4,403	4,343	4,37	1337368
DIA	13/11/12	4,339	4,392	4,323	4,365	4766167
DIA	14/11/12	4,384	4,39	4,048	4,315	6004944
DIA	15/11/12	4,283	4,284	4,165	4,23	3491360
DIA	16/11/12	4,229	4,274	4,19	4,22	3390157
DIA	19/11/12	4,238	4,255	4,113	4,137	5264968
DIA	20/11/12	4,136	4,31	4,115	4,3	3336305
DIA	21/11/12	4,277	4,359	4,277	4,315	3155275
DIA	22/11/12	4,35	4,433	4,296	4,318	3307372
DIA	23/11/12	4,348	4,383	4,31	4,336	1555151
DIA	26/11/12	4,342	4,37	4,243	4,277	1906670
DIA	27/11/12	4,389	4,389	4,305	4,356	2775893
DIA	28/11/12	4,336	4,352	4,3	4,34	2149479
DIA	29/11/12	4,359	4,39	4,305	4,316	2886811
DIA	30/11/12	4,324	4,365	4,27	4,282	3285837
DIA	03/12/12	4,29	4,36	4,215	4,27	1546528
DIA	04/12/12	4,278	4,325	4,181	4,253	1974835
DIA	05/12/12	4,25	4,288	4,18	4,196	4055563
DIA	06/12/12	4,237	4,26	4,156	4,188	1982109
DIA	07/12/12	4,201	4,205	4,12	4,133	4006307
DIA	10/12/12	4,134	4,146	4,055	4,083	2409801
DIA	11/12/12	4,095	4,179	4,074	4,166	3824528
DIA	12/12/12	4,172	4,315	4,172	4,283	6672040
DIA	13/12/12	4,325	4,33	4,195	4,235	2793662
DIA	14/12/12	4,236	4,27	4,16	4,18	3694524
DIA	17/12/12	4,177	4,21	4,134	4,152	2743510
DIA	18/12/12	4,175	4,209	4,131	4,203	4274010
DIA	19/12/12	4,23	4,41	4,225	4,41	4769219
DIA	20/12/12	4,39	4,51	4,32	4,426	4342393
DIA	21/12/12	4,42	4,5	4,39	4,443	3445697
DIA	24/12/12	4,445	4,47	4,391	4,42	1026814
DIA	27/12/12	4,42	4,46	4,361	4,378	1276140
DIA	28/12/12	4,38	4,419	4,28	4,321	1472372
DIA	31/12/12	4,34	4,36	4,281	4,32	636013
DIA	02/01/13	4,39	4,602	4,371	4,568	2616528
DIA	03/01/13	4,585	4,61	4,481	4,528	2572011
DIA	04/01/13	4,541	4,586	4,534	4,57	1943148
DIA	07/01/13	4,579	4,61	4,535	4,61	3168458
DIA	08/01/13	4,625	4,88	4,54	4,794	6176369
DIA	09/01/13	4,799	4,855	4,63	4,689	3731854
DIA	10/01/13	4,685	4,71	4,59	4,669	2252087
DIA	11/01/13	4,69	4,695	4,581	4,606	3124012
DIA	14/01/13	4,64	4,688	4,606	4,607	2218746
DIA	15/01/13	4,6	4,675	4,591	4,591	4962746
DIA	16/01/13	4,606	4,635	4,601	4,61	1579235
DIA	17/01/13	4,619	4,785	4,602	4,75	3025199
DIA	18/01/13	4,775	4,878	4,77	4,822	2600852
DIA	21/01/13	4,856	4,88	4,722	4,798	1301143
DIA	22/01/13	4,815	4,84	4,786	4,84	1095149
DIA	23/01/13	4,857	4,87	4,766	4,823	1385436
DIA	24/01/13	4,823	4,939	4,82	4,876	2245703
DIA	25/01/13	4,89	4,98	4,861	4,96	2091044
DIA	28/01/13	4,984	5,099	4,97	5,06	2614055
DIA	29/01/13	5,11	5,17	5,08	5,13	3465432
DIA	30/01/13	5,17	5,2	4,923	5,013	3834460
DIA	31/01/13	4,984	5,161	4,954	4,954	4889516
DIA	01/02/13	4,945	5	4,84	4,937	6037424
DIA	04/02/13	4,932	5,063	4,86	4,89	5205652
DIA	05/02/13	4,875	5,069	4,875	5,053	5774553
DIA	06/02/13	5,087	5,128	4,991	5,012	2406799
DIA	07/02/13	5,012	5,077	4,995	5,04	3507309
DIA	08/02/13	5,071	5,154	5,058	5,143	2655555
DIA	11/02/13	5,156	5,173	5,121	5,166	2342996
DIA	12/02/13	5,17	5,2	5,124	5,189	3836463
DIA	13/02/13	5,215	5,389	5,17	5,375	4156788
DIA	14/02/13	5,336	5,405	5,271	5,356	4318366
DIA	15/02/13	5,351	5,394	5,298	5,312	3589544
DIA	18/02/13	5,317	5,368	5,298	5,353	1713841
DIA	19/02/13	5,38	5,46	5,351	5,41	2492715
DIA	20/02/13	5,446	5,522	5,421	5,508	2895223
DIA	21/02/13	5,57	5,66	5,29	5,39	6363069
DIA	22/02/13	5,425	5,601	5,372	5,57	3983604
DIA	25/02/13	5,605	5,63	5,41	5,49	4637047
DIA	26/02/13	5,323	5,453	5,211	5,413	4707404
DIA	27/02/13	5,43	5,457	5,331	5,34	3635654
DIA	28/02/13	5,389	5,493	5,38	5,493	3917807
DIA	01/03/13	5,493	5,52	5,251	5,346	4975477
DIA	04/03/13	5,326	5,374	5,235	5,243	3881370
DIA	05/03/13	5,281	5,36	5,26	5,275	3521950
DIA	06/03/13	5,299	5,364	5,219	5,253	4079936
DIA	07/03/13	5,245	5,305	5,22	5,225	3072221
DIA	08/03/13	5,235	5,303	5,21	5,246	5454909
DIA	11/03/13	5,274	5,321	5,219	5,321	4023971
DIA	12/03/13	5,336	5,419	5,325	5,395	3212289
DIA	13/03/13	5,419	5,46	5,339	5,424	2816871
DIA	14/03/13	5,45	5,48	5,342	5,377	3365742
DIA	15/03/13	5,391	5,391	5,02	5,203	7676795
DIA	18/03/13	5,071	5,19	4,96	5,19	5969010
DIA	19/03/13	5,203	5,309	5,141	5,177	5553844
DIA	20/03/13	5,205	5,22	5,09	5,151	4170638
DIA	21/03/13	5,124	5,168	5,036	5,15	4636421
DIA	22/03/13	5,128	5,157	5,068	5,141	1663184
DIA	25/03/13	5,179	5,24	5,104	5,141	2470828
DIA	26/03/13	5,163	5,168	5,03	5,11	3951581
DIA	27/03/13	5,11	5,134	4,873	4,94	4997813
DIA	28/03/13	4,926	4,958	4,852	4,906	3615798
DIA	02/04/13	4,843	5,199	4,843	5,181	7242037
DIA	03/04/13	5,169	5,197	5,096	5,12	4464666
DIA	04/04/13	5,127	5,22	5,071	5,14	4558709
DIA	05/04/13	5,175	5,175	4,82	4,913	6940830
DIA	08/04/13	4,93	5,09	4,913	5,03	3585626
DIA	09/04/13	5,08	5,13	5,031	5,065	2465302
DIA	10/04/13	5,06	5,164	4,99	5,146	3301868
DIA	11/04/13	5,155	5,23	5,124	5,22	3076669
DIA	12/04/13	5,197	5,247	5,166	5,213	2110398
DIA	15/04/13	5,22	5,22	5,086	5,143	2204029
DIA	16/04/13	5,136	5,195	5,096	5,112	2201400
DIA	17/04/13	5,105	5,123	4,941	4,962	3753125
DIA	18/04/13	4,99	5,1	4,931	5,083	3791596
DIA	19/04/13	5,101	5,295	4,99	5,295	6803378
DIA	22/04/13	5,31	5,377	5,27	5,352	3502343
DIA	23/04/13	5,325	5,44	5,302	5,426	3476968
DIA	24/04/13	5,409	5,489	5,39	5,418	5528629
DIA	25/04/13	5,389	5,408	5,33	5,36	3275552
DIA	26/04/13	5,36	5,43	5,317	5,389	4816215
DIA	29/04/13	5,399	5,46	5,399	5,429	2747477
DIA	30/04/13	5,427	5,455	5,348	5,4	3529588
DIA	02/05/13	5,4	5,46	5,325	5,383	3120266
DIA	03/05/13	5,384	5,45	5,355	5,42	3259957
DIA	06/05/13	5,41	5,436	5,36	5,4	1006033
DIA	07/05/13	5,42	5,51	5,372	5,49	4691616
DIA	08/05/13	5,48	5,805	5,48	5,75	6233352
DIA	09/05/13	5,75	5,756	5,57	5,752	2231451
DIA	10/05/13	5,775	5,853	5,69	5,773	3885577
DIA	13/05/13	5,745	5,76	5,61	5,649	2555153
DIA	14/05/13	5,649	5,71	5,566	5,65	2117141
DIA	15/05/13	5,67	5,75	5,606	5,734	1807762
DIA	16/05/13	5,738	5,738	5,663	5,677	1560180
DIA	17/05/13	5,651	5,692	5,586	5,688	2489361
DIA	20/05/13	5,679	5,705	5,623	5,66	1153221
DIA	21/05/13	5,64	5,618	5,618	5,618	1969819
DIA	22/05/13	5,6	5,845	5,59	5,838	3020716
DIA	23/05/13	5,72	5,788	5,656	5,668	3235579
DIA	24/05/13	5,665	5,701	5,476	5,608	1806288
DIA	27/05/13	5,61	5,66	5,579	5,651	916389
DIA	28/05/13	5,689	5,875	5,673	5,793	1926161
DIA	29/05/13	5,716	5,75	5,616	5,627	1604250
DIA	30/05/13	5,6	5,689	5,52	5,555	2396727
DIA	31/05/13	5,564	5,63	5,463	5,579	3156624
DIA	03/06/13	5,53	5,556	5,396	5,53	3049823
DIA	04/06/13	5,549	5,653	5,539	5,555	3470093
DIA	05/06/13	5,537	5,537	5,4	5,462	4916040
DIA	06/06/13	5,47	5,53	5,39	5,413	3793399
DIA	07/06/13	5,41	5,43	5,311	5,39	3412878
DIA	10/06/13	5,388	5,489	5,365	5,455	3216184
DIA	11/06/13	5,472	5,481	5,365	5,433	4549232
DIA	12/06/13	5,432	5,518	5,43	5,445	3291705
DIA	13/06/13	5,398	5,447	5,337	5,437	2310523
DIA	14/06/13	5,43	5,543	5,43	5,521	2502709
DIA	17/06/13	5,549	5,687	5,534	5,67	3666942
DIA	18/06/13	5,649	5,73	5,64	5,699	3818835
DIA	19/06/13	5,71	5,828	5,66	5,77	2978487
DIA	20/06/13	5,64	5,686	5,416	5,441	4749122
DIA	21/06/13	5,46	5,507	5,255	5,258	5435293
DIA	24/06/13	5,257	5,28	5	5,042	5013619
DIA	25/06/13	5,13	5,202	5,061	5,167	5345587
DIA	26/06/13	5,23	5,358	5,186	5,298	3863439
DIA	27/06/13	5,334	5,399	5,245	5,366	7297958
DIA	28/06/13	5,374	5,469	5,273	5,32	3813919
DIA	01/07/13	5,323	5,477	5,308	5,42	2360293
DIA	02/07/13	5,168	5,405	5,07	5,347	4071950
DIA	03/07/13	5,28	5,29	5,173	5,199	2942934
DIA	04/07/13	5,221	5,41	5,22	5,367	3072875
DIA	05/07/13	5,36	5,4	5,225	5,253	2419507
DIA	08/07/13	5,275	5,46	5,272	5,408	6771072
DIA	09/07/13	5,46	5,49	5,397	5,426	3629962
DIA	10/07/13	5,38	5,449	5,297	5,41	3053153
DIA	11/07/13	5,472	5,472	5,32	5,355	3791369
DIA	12/07/13	5,38	5,42	5,24	5,259	2910230
DIA	15/07/13	5,298	5,356	5,24	5,277	1655666
DIA	16/07/13	5,348	5,469	5,141	5,427	5302313
DIA	17/07/13	5,442	5,463	5,23	5,302	4948286
DIA	18/07/13	5,291	5,445	5,29	5,43	4551987
DIA	19/07/13	5,422	5,463	5,35	5,454	5814112
DIA	22/07/13	5,461	5,505	5,363	5,376	2240892
DIA	23/07/13	5,399	5,46	5,38	5,386	1383027
DIA	24/07/13	5,411	5,5	5,383	5,49	3481603
DIA	25/07/13	5,475	5,5	5,415	5,466	1528489
DIA	26/07/13	5,499	5,558	5,375	5,409	3153565
DIA	29/07/13	5,54	5,608	5,471	5,573	4480461
DIA	30/07/13	5,61	5,84	5,589	5,82	5319256
DIA	31/07/13	5,82	5,928	5,788	5,868	4617543
DIA	01/08/13	5,89	5,968	5,882	5,926	3615529
DIA	02/08/13	5,94	5,956	5,85	5,929	2545266
DIA	05/08/13	5,931	6,02	5,919	5,959	2843680
DIA	06/08/13	5,976	5,99	5,765	5,84	3973861
DIA	07/08/13	5,842	5,863	5,785	5,848	2091900
DIA	08/08/13	5,869	5,889	5,801	5,863	1931884
DIA	09/08/13	5,86	5,951	5,84	5,951	1986682
DIA	12/08/13	5,96	5,988	5,896	5,913	1158802
DIA	13/08/13	5,916	6,019	5,905	5,933	1772822
DIA	14/08/13	5,959	6,05	5,92	6,038	3024041
DIA	15/08/13	6,043	6,043	5,862	5,901	1608166
DIA	16/08/13	5,901	6,032	5,894	6,014	2774892
DIA	19/08/13	5,998	6,028	5,89	5,91	1512301
DIA	20/08/13	5,868	5,884	5,671	5,722	3560837
DIA	21/08/13	5,751	5,81	5,713	5,727	1990092
DIA	22/08/13	5,753	5,88	5,74	5,843	2922518
DIA	23/08/13	5,845	5,886	5,795	5,878	1316466
DIA	26/08/13	5,87	5,875	5,8	5,86	1058322
DIA	27/08/13	5,805	5,82	5,645	5,645	1986160
DIA	28/08/13	5,64	5,64	5,482	5,52	3002212
DIA	29/08/13	5,571	5,72	5,545	5,708	2174816
DIA	30/08/13	5,702	5,718	5,61	5,62	1956881
DIA	02/09/13	5,666	5,778	5,666	5,758	2328285
DIA	03/09/13	5,743	5,769	5,66	5,7	2422838
DIA	04/09/13	5,7	5,744	5,614	5,728	1864700
DIA	05/09/13	5,75	5,79	5,72	5,79	3230285
DIA	06/09/13	5,791	5,842	5,757	5,842	2609387
DIA	09/09/13	5,84	5,887	5,808	5,853	2899432
DIA	10/09/13	5,888	6,03	5,881	5,947	3313868
DIA	11/09/13	5,927	5,985	5,916	5,97	1892359
DIA	12/09/13	5,97	6,09	5,97	6,084	2593422
DIA	13/09/13	6,066	6,087	5,956	5,981	2782649
DIA	16/09/13	6,04	6,12	6,02	6,04	2234029
DIA	17/09/13	6,022	6,079	6,009	6,052	2447864
DIA	18/09/13	6,115	6,314	6,09	6,19	4474173
DIA	19/09/13	6,29	6,429	6,23	6,288	4806112
DIA	20/09/13	6,288	6,39	6,288	6,324	2487696
DIA	23/09/13	6,351	6,363	6,21	6,243	2277531
DIA	24/09/13	6,241	6,375	6,241	6,276	2488035
DIA	25/09/13	6,286	6,286	5,94	6,14	4388594
DIA	26/09/13	6,145	6,217	6,015	6,09	4042025
DIA	27/09/13	6,122	6,13	6,002	6,067	1690456
DIA	30/09/13	5,99	6,102	5,902	6,049	2701851
DIA	01/10/13	5,95	6,034	5,921	6,031	3992724
DIA	02/10/13	6,031	6,07	5,95	6,04	2933130
DIA	03/10/13	6,067	6,217	6,065	6,131	2405939
DIA	04/10/13	6,13	6,14	6,039	6,13	2937402
DIA	07/10/13	6,095	6,114	6,004	6,1	2885092
DIA	08/10/13	6,104	6,139	6,02	6,029	5668276
DIA	09/10/13	6,009	6,135	6,009	6,055	2250389
DIA	10/10/13	6,087	6,141	5,981	6,095	5137663
DIA	11/10/13	6,14	6,14	6,04	6,13	2413300
DIA	14/10/13	6,12	6,247	6,042	6,24	3346183
DIA	15/10/13	6,28	6,498	6,257	6,454	5939017
DIA	16/10/13	6,39	6,498	6,34	6,488	3998279
DIA	17/10/13	6,486	6,63	6,426	6,495	4309353
DIA	18/10/13	6,509	6,605	6,505	6,591	7891453
DIA	21/10/13	6,62	6,636	6,572	6,63	2007161
DIA	22/10/13	6,615	6,664	6,524	6,548	2693098
DIA	23/10/13	6,521	6,58	6,431	6,52	2477742
DIA	24/10/13	6,518	6,6	6,518	6,559	1599008
DIA	25/10/13	6,539	6,558	6,232	6,383	4074436
DIA	28/10/13	6,43	6,592	6,367	6,569	3060587
DIA	29/10/13	6,445	6,52	6,415	6,439	3721357
DIA	30/10/13	6,436	6,45	6,267	6,27	3751464
DIA	31/10/13	6,26	6,373	6,239	6,373	2743526
DIA	01/11/13	6,377	6,38	6,29	6,324	1374166
DIA	04/11/13	6,361	6,39	6,326	6,34	5776059
DIA	05/11/13	6,341	6,36	6,199	6,24	4548511
DIA	06/11/13	6,264	6,374	6,26	6,296	2283013
DIA	07/11/13	6,296	6,385	6,11	6,118	4799011
DIA	08/11/13	6,112	6,226	6,07	6,16	3791619
DIA	11/11/13	6,166	6,182	6,07	6,139	2526707
DIA	12/11/13	6,15	6,179	6,102	6,131	2268623
DIA	13/11/13	6,126	6,175	6,045	6,06	1980368
DIA	14/11/13	6,127	6,18	6,06	6,062	2644619
DIA	15/11/13	6,06	6,13	6,032	6,076	1970818
DIA	18/11/13	6,06	6,208	6,04	6,131	1923490
DIA	19/11/13	6,131	6,2	6,125	6,159	2959420
DIA	20/11/13	6,173	6,187	6,116	6,141	4515949
DIA	21/11/13	6,114	6,228	6,057	6,218	3207574
DIA	22/11/13	6,234	6,304	6,191	6,284	3255097
DIA	25/11/13	6,32	6,373	6,315	6,345	4635773
DIA	26/11/13	6,334	6,38	6,323	6,34	3511160
DIA	27/11/13	6,343	6,385	6,31	6,364	1920370
DIA	28/11/13	6,38	6,435	6,351	6,42	2124153
DIA	29/11/13	6,399	6,45	6,37	6,389	1478612
DIA	02/12/13	6,389	6,398	6,141	6,253	2889107
DIA	03/12/13	6,254	6,281	6,171	6,197	3478550
DIA	04/12/13	6,211	6,211	6,031	6,083	3469451
DIA	05/12/13	6,082	6,145	5,99	6,023	1999955
DIA	06/12/13	6,018	6,045	5,87	5,96	2579310
DIA	09/12/13	5,957	6,01	5,891	5,927	2965272
DIA	10/12/13	5,93	5,969	5,812	5,874	3140249
DIA	11/12/13	5,89	5,933	5,86	5,89	2650354
DIA	12/12/13	5,86	5,879	5,79	5,808	2118173
DIA	13/12/13	5,786	5,909	5,758	5,783	2728770
DIA	16/12/13	5,875	6,049	5,858	5,959	4923289
DIA	17/12/13	5,95	5,95	5,796	5,804	2993701
DIA	18/12/13	5,81	5,885	5,793	5,817	2833396
DIA	19/12/13	5,875	6,029	5,871	6,007	5078940
DIA	20/12/13	6,043	6,1	5,951	6,023	4292398
DIA	23/12/13	6,05	6,052	5,97	6,05	2260154
DIA	24/12/13	6,05	6,2	6,05	6,15	869948
DIA	27/12/13	6,14	6,165	6,09	6,132	1672960
DIA	30/12/13	6,14	6,2	6,134	6,173	1949717
DIA	31/12/13	6,17	6,189	6,111	6,14	585063
DIA	02/01/14	6,14	6,192	6,066	6,066	1963153
DIA	03/01/14	6,094	6,149	6,066	6,09	1196162
DIA	06/01/14	6,055	6,14	6,044	6,113	1150942
DIA	07/01/14	6,098	6,229	6,044	6,219	4137004
DIA	08/01/14	6,216	6,263	6,202	6,251	2677594
DIA	09/01/14	6,265	6,349	6,152	6,235	4060935
DIA	10/01/14	6,28	6,285	6,21	6,214	1687404
DIA	13/01/14	6,236	6,259	6,21	6,215	1964815
DIA	14/01/14	6,173	6,273	6,11	6,273	2714397
DIA	15/01/14	6,29	6,31	6,25	6,292	2226210
DIA	16/01/14	6,314	6,314	6,221	6,252	3384976
DIA	17/01/14	6,258	6,318	6,24	6,318	1822158
DIA	20/01/14	6,296	6,332	6,28	6,332	1267794
DIA	21/01/14	6,33	6,35	6,262	6,286	2411788
DIA	22/01/14	6,294	6,298	6,21	6,24	2831093
DIA	23/01/14	6,222	6,299	6,116	6,116	3567790
DIA	24/01/14	6,109	6,12	5,79	5,833	9067973
DIA	27/01/14	5,851	5,95	5,696	5,926	5700046
DIA	28/01/14	5,979	5,988	5,798	5,823	5458463
DIA	29/01/14	5,88	6,023	5,701	5,793	4798056
DIA	30/01/14	-0,36	5,825	5,825	5,825	0
DIA	31/01/14	5,815	5,845	5,66	5,744	5132609
DIA	03/02/14	5,755	5,804	5,605	5,634	3201749
DIA	04/02/14	5,59	5,68	5,535	5,655	4046859
DIA	05/02/14	5,66	5,678	5,517	5,547	4516372
DIA	06/02/14	5,567	5,62	5,503	5,619	4551992
DIA	07/02/14	5,64	5,756	5,63	5,736	4258275
DIA	10/02/14	5,78	5,82	5,715	5,768	2748397
DIA	11/02/14	5,807	5,815	5,69	5,766	4377688
DIA	12/02/14	5,799	5,809	5,74	5,759	2211854
DIA	13/02/14	5,759	5,759	5,625	5,709	4021230
DIA	19/02/14	5,74	5,81	5,69	5,78	2594204
DIA	21/02/14	5,97	5,98	5,777	5,815	3876604
DIA	24/02/14	5,835	6,015	5,78	5,948	3927771
DIA	25/02/14	5,93	6,02	5,92	6,018	2936942
DIA	26/02/14	6,014	6,029	5,955	5,974	2762358
DIA	27/02/14	5,95	5,97	5,793	5,829	3073318
DIA	28/02/14	5,821	5,873	5,76	5,86	4594743
DIA	03/03/14	5,76	5,768	5,659	5,67	4449595
DIA	04/03/14	5,712	5,747	5,67	5,743	3622726
DIA	05/03/14	5,746	5,847	5,731	5,809	4391153
DIA	06/03/14	5,84	5,927	5,821	5,906	2383939
DIA	07/03/14	5,892	5,976	5,876	5,908	2290202
DIA	10/03/14	5,908	5,965	5,875	5,917	1975861
DIA	11/03/14	5,925	5,925	5,84	5,876	2575794
DIA	12/03/14	5,85	5,871	5,733	5,744	2613893
DIA	13/03/14	5,769	5,77	5,596	5,614	3977700
DIA	14/03/14	5,59	5,596	5,35	5,54	5257041
DIA	17/03/14	5,54	5,63	5,525	5,625	2812942
DIA	18/03/14	5,628	5,719	5,597	5,711	2465705
DIA	19/03/14	5,725	5,827	5,653	5,802	3413739
DIA	20/03/14	5,745	5,829	5,715	5,739	2647121
DIA	21/03/14	5,74	5,79	5,723	5,764	2585354
DIA	24/03/14	5,78	5,792	5,705	5,743	2822944
DIA	25/03/14	5,752	5,864	5,683	5,864	2126851
DIA	26/03/14	5,9	6,04	5,877	5,984	3224110
DIA	27/03/14	5,958	6,23	5,918	6,205	5074299
DIA	28/03/14	6,217	6,288	6,15	6,21	3446524
DIA	31/03/14	6,259	6,33	6,201	6,272	3394750
DIA	01/04/14	6,29	6,29	6,161	6,223	3290087
DIA	02/04/14	6,211	6,212	6,111	6,171	2397927
DIA	03/04/14	6,185	6,349	6,153	6,281	4000859
DIA	04/04/14	6,174	6,253	6,131	6,216	5532115
DIA	07/04/14	6,181	6,235	6,159	6,188	2121300
DIA	08/04/14	6,159	6,16	5,913	6,057	3576915
DIA	09/04/14	6,054	6,11	5,912	5,919	3893432
DIA	11/04/14	5,852	5,913	5,83	5,899	841587
DIA	11/04/14	5,852	5,926	5,77	5,793	3354633
DIA	14/04/14	5,775	5,795	5,746	5,749	137248
DIA	15/04/14	5,759	5,776	5,72	5,749	111280
DIA	15/04/14	5,759	5,848	5,711	5,772	2982234
DIA	16/04/14	5,817	5,86	5,776	5,84	2021035
DIA	17/04/14	5,859	5,859	5,77	5,824	2041241
DIA	22/04/14	5,865	6,047	5,84	6,049	1964517
DIA	23/04/14	6,069	6,157	6,06	6,155	3990616
DIA	24/04/14	6,157	6,17	5,944	6,031	1637518
DIA	25/04/14	6,022	6,056	5,908	5,924	1556775
DIA	28/04/14	5,957	5,983	5,904	5,968	229061
DIA	28/04/14	5,957	5,983	5,855	5,935	1429873
DIA	29/04/14	5,957	6,039	5,922	6,036	2120252
DIA	30/04/14	6,018	6,085	5,982	6,078	2097453
DIA	02/05/14	6,038	6,058	5,937	5,95	2632052
DIA	05/05/14	5,93	5,933	5,823	5,888	1983983
DIA	06/05/14	5,876	5,937	5,792	5,866	3936344
DIA	07/05/14	5,85	6,089	5,818	6,077	4552643
DIA	09/05/14	6,05	6,13	5,993	6,021	4365102
DIA	12/05/14	6,123	6,14	6,056	6,122	536246
DIA	12/05/14	6,123	6,188	6,056	6,18	3707679
DIA	13/05/14	6,188	6,229	6,145	6,169	2896505
DIA	14/05/14	6,188	6,21	6,128	6,141	1854308
DIA	15/05/14	6,157	6,209	6,068	6,099	2834528
DIA	16/05/14	6,121	6,242	6,096	6,232	2386375
DIA	19/05/14	6,24	6,336	6,155	6,316	3057539
DIA	20/05/14	6,327	6,348	6,295	6,347	369140
DIA	20/05/14	6,327	6,385	6,181	6,236	3949167
DIA	21/05/14	6,217	6,299	6,179	6,288	1884741
DIA	23/05/14	6,359	6,424	6,29	6,372	2232196
DIA	26/05/14	6,424	6,448	6,36	6,425	1388883
DIA	27/05/14	6,429	6,46	6,32	6,398	2686825
DIA	28/05/14	6,41	6,416	6,32	6,345	2285968
DIA	29/05/14	6,357	6,397	6,312	6,38	1398075
DIA	30/05/14	6,38	6,425	6,36	6,417	3718827
DIA	02/06/14	6,44	6,54	6,422	6,429	2701330
DIA	03/06/14	6,48	6,57	6,274	6,303	4914466
DIA	04/06/14	6,302	6,318	6,221	6,275	2985165
DIA	05/06/14	6,272	6,402	6,27	6,351	2336686
DIA	06/06/14	6,349	6,385	6,266	6,35	2941375
DIA	09/06/14	6,338	6,437	6,325	6,437	1825950
DIA	10/06/14	6,313	6,37	6,251	6,313	5192440
DIA	11/06/14	6,309	6,34	6,204	6,249	3079191
DIA	12/06/14	6,237	6,28	6,121	6,167	3713596
DIA	13/06/14	6,173	6,191	6,091	6,173	5039362
DIA	16/06/14	6,15	6,25	6,087	6,086	3993349
DIA	17/06/14	6,07	6,208	6,069	6,201	2824507
DIA	18/06/14	6,201	6,23	6,17	6,175	2119485
DIA	19/06/14	6,223	6,24	6,2	6,2	2030335
DIA	20/06/14	6,224	6,247	6,178	6,203	1595578
DIA	23/06/14	6,423	6,51	6,331	6,39	7670902
DIA	24/06/14	6,384	6,529	6,369	6,468	3604913
DIA	24/06/14	6,384	6,529	6,369	6,468	3604913
DIA	25/06/14	6,451	6,457	6,333	6,39	3252855
DIA	26/06/14	6,407	6,419	6,341	6,4	1529908
DIA	27/06/14	6,405	6,472	6,332	6,379	1552370
DIA	30/06/14	6,39	6,418	6,28	6,364	2564508
DIA	01/07/14	6,396	6,415	6,274	6,279	1001297
DIA	02/07/14	6,547	6,558	6,547	6,525	1081029
DIA	02/07/14	6,547	6,729	6,5	6,67	3938304
DIA	03/07/14	6,735	6,74	6,66	6,684	4152625
DIA	04/07/14	6,663	6,732	6,658	6,69	3391636
DIA	07/07/14	6,689	6,72	6,6	6,6	1389729
DIA	08/07/14	6,596	6,631	6,42	6,419	6836164
DIA	09/07/14	6,469	6,51	6,361	6,448	2821655
DIA	10/07/14	6,453	6,456	6,17	6,23	4070950
DIA	11/07/14	6,255	6,321	6,166	6,215	3184478
DIA	14/07/14	6,247	6,359	6,244	6,293	3035951
DIA	15/07/14	6,299	6,34	6,194	6,224	2690796
DIA	16/07/14	6,242	6,302	6,22	6,27	4885467
DIA	17/07/14	6,266	6,325	6,227	6,25	2789659
DIA	18/07/14	6,227	6,227	6,117	6,193	3800890
DIA	21/07/14	6,2	6,2	6,087	6,105	1676560
DIA	22/07/14	6,138	6,277	6,103	6,27	4060924
DIA	23/07/14	6,264	6,387	6,245	6,294	4004439
DIA	24/07/14	6,275	6,42	6,245	6,349	2686657
DIA	25/07/14	6,316	6,4	6,249	6,27	2891549
DIA	28/07/14	6,41	6,46	6,11	6,197	5399967
DIA	29/07/14	6,19	6,19	6,102	6,169	3905942
DIA	30/07/14	6,238	6,249	6,15	6,173	3553586
DIA	31/07/14	5,978	6,204	5,991	6,008	5475711
DIA	01/08/14	5,936	6,005	5,859	5,936	5913034
DIA	04/08/14	5,973	5,979	5,907	5,95	2525049
DIA	05/08/14	5,992	6	5,866	5,914	3265696
DIA	06/08/14	5,875	5,998	5,75	5,993	6162105
DIA	07/08/14	5,988	5,988	5,821	5,853	7289160
DIA	08/08/14	5,794	5,933	5,732	5,853	3578564
DIA	11/08/14	5,911	5,964	5,887	5,94	4471298
DIA	12/08/14	5,944	5,97	5,873	5,92	2462857
DIA	13/08/14	5,96	5,977	5,89	5,922	2109508
DIA	14/08/14	5,906	5,978	5,882	5,944	1509846
DIA	15/08/14	5,97	5,977	5,874	5,913	2968901
DIA	18/08/14	5,977	6,02	5,961	6,018	2525279
DIA	19/08/14	6,05	6,09	6,046	6,055	1805109
DIA	20/08/14	6,059	6,08	6,025	6,079	1361880
DIA	21/08/14	6,1	6,168	6,041	6,168	2420623
DIA	22/08/14	6,162	6,216	6,112	6,168	2367102
DIA	25/08/14	6,226	6,238	6,189	6,217	2003675
DIA	26/08/14	6,22	6,321	6,211	6,321	2376102
DIA	27/08/14	6,3	6,35	6,265	6,286	2865951
DIA	28/08/14	6,276	6,282	6,19	6,226	1119794
DIA	29/08/14	6,22	6,242	6,135	6,208	2549422
DIA	01/09/14	6,215	6,248	6,152	6,168	1223801
DIA	02/09/14	6,195	6,245	6,151	6,231	2026626
DIA	03/09/14	6,262	6,33	6,24	6,313	2253194
DIA	08/09/14	6,378	6,4	6,285	6,345	2045756
DIA	09/09/14	6,326	6,349	6,28	6,287	2243776
DIA	10/09/14	6,287	6,287	6,2	6,252	2362613
DIA	11/09/14	6,268	6,299	6,071	6,115	3676438
DIA	12/09/14	6,115	6,151	6,04	6,097	4427726
DIA	15/09/14	6,062	6,069	5,892	5,905	4662961
DIA	16/09/14	5,9	5,9	5,795	5,852	4780186
DIA	17/09/14	5,9	5,946	5,883	5,883	2928084
DIA	22/09/14	5,893	5,991	5,85	5,929	2575507
DIA	23/09/14	5,905	5,913	5,803	5,803	5572309
DIA	24/09/14	5,792	5,826	5,711	5,801	3196137
DIA	25/09/14	5,676	5,826	5,648	5,682	4052338
DIA	26/09/14	5,684	5,684	5,543	5,55	4982574
DIA	29/09/14	5,556	5,68	5,507	5,55	4862299
DIA	30/09/14	5,563	5,588	5,441	5,484	7249856
DIA	02/10/14	5,3	5,303	5,077	5,18	10182220
DIA	03/10/14	5,214	5,244	5,11	5,169	5247614
DIA	06/10/14	5,289	5,296	5,199	5,233	3375277
DIA	07/10/14	5,22	5,22	5,147	5,179	3548485
DIA	08/10/14	5,167	5,418	5,11	5,249	8383931
DIA	09/10/14	5,284	5,3	4,905	4,984	8163541
DIA	10/10/14	4,93	4,987	4,814	4,882	10533392
DIA	13/10/14	4,847	4,95	4,721	4,738	6563336
DIA	14/10/14	4,71	4,785	4,567	4,68	6293864
DIA	15/10/14	4,68	4,746	4,508	4,52	7073726
DIA	16/10/14	4,541	4,557	4,279	4,423	11618888
DIA	17/10/14	4,451	4,62	4,435	4,61	7752692
DIA	20/10/14	4,623	4,662	4,572	4,618	5073476
DIA	21/10/14	4,615	4,758	4,503	4,744	5433272
DIA	22/10/14	4,748	4,784	4,659	4,719	4868885
DIA	23/10/14	4,712	4,749	4,577	4,703	6524947
DIA	24/10/14	4,67	4,73	4,6	4,653	4388372
DIA	27/10/14	4,5	4,838	4,335	4,504	11709160
DIA	28/10/14	4,645	4,85	4,55	4,803	8625368
DIA	29/10/14	4,83	4,867	4,726	4,788	5398594
DIA	30/10/14	4,838	4,86	4,613	4,766	5778738
DIA	31/10/14	4,86	4,879	4,76	4,864	5439759
DIA	03/11/14	4,873	4,96	4,81	4,818	3968328
DIA	04/11/14	4,824	4,86	4,675	4,694	4615317
DIA	05/11/14	4,8	4,986	4,788	4,925	6539896
DIA	06/11/14	4,922	5,167	4,916	5,062	8755947
DIA	07/11/14	5,09	5,13	5,045	5,049	6942043
DIA	10/11/14	5,074	5,132	5,015	5,065	3071299
DIA	11/11/14	5,065	5,085	4,966	5,006	3028552
DIA	12/11/14	4,984	5,097	4,874	4,896	4749127
DIA	13/11/14	4,943	4,976	4,851	4,913	3756028
DIA	14/11/14	4,965	5,068	4,936	5,067	4383953
DIA	17/11/14	5,01	5,212	4,98	5,154	7821702
DIA	18/11/14	5,19	5,4	5,163	5,384	21734330
DIA	19/11/14	5,403	5,46	5,302	5,37	5120572
DIA	20/11/14	5,36	5,399	5,28	5,364	2758336
DIA	21/11/14	5,37	5,547	5,361	5,505	4303108
DIA	24/11/14	5,52	5,59	5,457	5,553	5084883
DIA	25/11/14	5,55	5,604	5,445	5,474	5229761
DIA	26/11/14	5,468	5,53	5,391	5,4	3162260
DIA	27/11/14	5,4	5,437	5,311	5,378	3507364
DIA	28/11/14	5,373	5,393	5,327	5,39	2050908
DIA	01/12/14	5,361	5,409	5,34	5,361	2359999
DIA	03/12/14	5,4	5,54	5,38	5,52	3363979
DIA	04/12/14	5,534	5,56	5,363	5,373	4189911
DIA	05/12/14	5,444	5,523	5,413	5,523	2480171
DIA	08/12/14	5,499	5,543	5,452	5,465	1943328
DIA	09/12/14	5,369	5,369	5,141	5,152	5842130
DIA	10/12/14	5,187	5,22	5,034	5,092	4446397
DIA	11/12/14	5,09	5,14	5,005	5,113	2985858
DIA	12/12/14	5,058	5,111	4,966	5,03	4141257
DIA	16/12/14	4,873	5,025	4,755	5,009	5785369
DIA	17/12/14	4,952	5,039	4,91	5,011	3710427
DIA	18/12/14	5,095	5,224	5,054	5,224	3843955
DIA	19/12/14	5,269	5,339	5,202	5,318	3540773
DIA	22/12/14	5,345	5,4	5,311	5,368	3542360
DIA	23/12/14	5,388	5,466	5,359	5,457	2125586
DIA	24/12/14	5,449	5,449	5,151	5,411	550203
DIA	29/12/14	5,417	5,518	5,372	5,509	2183511
DIA	30/12/14	5,493	5,51	5,404	5,481	2366074
DIA	31/12/14	5,427	5,508	5,41	5,427	639943
DIA	02/01/15	5,432	5,54	5,431	5,52	2400911
DIA	05/01/15	5,5	5,516	5,262	5,267	3070756
DIA	06/01/15	5,262	5,279	5,063	5,148	4573528
DIA	07/01/15	5,196	5,21	5,049	5,069	4399001
DIA	08/01/15	5,185	5,447	5,12	5,427	4515525
DIA	09/01/15	5,387	5,42	5,056	5,097	6981214
DIA	12/01/15	5,154	5,186	5,014	5,082	6103932
DIA	13/01/15	5,083	5,208	5,062	5,145	7010731
DIA	14/01/15	5,085	5,355	5,06	5,275	6814386
DIA	15/01/15	5,329	5,34	5,112	5,3	4395245
DIA	16/01/15	5,287	5,427	5,285	5,405	4099255
DIA	19/01/15	5,412	5,495	5,369	5,39	2109889
DIA	20/01/15	5,433	5,529	5,34	5,356	8507396
DIA	21/01/15	5,352	5,58	5,348	5,55	7517450
DIA	22/01/15	5,536	5,587	5,47	5,501	5623007
DIA	23/01/15	5,536	5,645	5,501	5,602	6817748
DIA	26/01/15	5,559	5,628	5,478	5,596	4247995
DIA	27/01/15	5,596	5,624	5,513	5,605	4644511
DIA	28/01/15	5,646	5,65	5,418	5,452	3977125
DIA	29/01/15	5,399	5,675	5,371	5,664	5227404
DIA	30/01/15	5,665	5,74	5,53	5,548	10711560
DIA	02/02/15	5,565	5,582	5,345	5,41	5517938
DIA	03/02/15	5,455	5,53	5,394	5,518	4445151
DIA	04/02/15	5,5	5,548	5,402	5,49	11925960
DIA	05/02/15	5,419	5,747	5,41	5,725	8825423
DIA	06/02/15	5,704	5,92	5,7	5,842	8070829
DIA	09/02/15	5,795	5,936	5,756	5,898	6467759
DIA	10/02/15	5,912	5,994	5,866	5,968	6582316
DIA	11/02/15	5,965	6,039	5,919	5,938	6331314
DIA	12/02/15	5,9	6,008	5,873	5,984	4550971
DIA	13/02/15	6,009	6,149	6,001	6,128	5154505
DIA	16/02/15	6,097	6,174	6,032	6,05	2588107
DIA	17/02/15	6,01	6,15	5,931	6,044	3761438
DIA	18/02/15	6,07	6,13	6,032	6,063	2601046
DIA	19/02/15	6,06	6,095	5,96	6,026	3923574
DIA	20/02/15	6,04	6,04	5,93	6,012	5573449
DIA	23/02/15	6,185	6,442	6,12	6,281	8429822
DIA	24/02/15	6,349	6,385	6,251	6,301	3890719
DIA	25/02/15	6,299	6,46	6,298	6,448	4905634
DIA	27/02/15	6,56	6,626	6,442	6,603	4600287
DIA	02/03/15	6,6	6,66	6,52	6,6	3639205
DIA	03/03/15	6,603	6,669	6,514	6,528	3851449
DIA	04/03/15	6,511	6,595	6,422	6,593	4359490
DIA	05/03/15	6,59	6,789	6,59	6,73	6014690
DIA	06/03/15	6,742	6,9	6,72	6,784	9055264
DIA	09/03/15	6,755	6,76	6,67	6,719	2878422
DIA	10/03/15	6,733	6,757	6,514	6,587	4516117
DIA	11/03/15	6,604	6,703	6,575	6,645	3442337
DIA	12/03/15	6,647	6,8	6,647	6,691	4470348
DIA	13/03/15	6,728	6,777	6,613	6,709	2408932
DIA	16/03/15	6,73	6,767	6,634	6,642	2868125
DIA	17/03/15	6,641	6,697	6,463	6,605	3495868
DIA	18/03/15	6,62	6,651	6,5	6,65	4108177
DIA	19/03/15	6,66	6,73	6,633	6,704	2547516
DIA	20/03/15	6,684	6,77	6,684	6,711	4790423
DIA	23/03/15	6,7	6,786	6,656	6,786	2493810
DIA	24/03/15	6,745	6,897	6,722	6,86	4889346
DIA	25/03/15	6,869	6,989	6,775	6,8	5284926
DIA	26/03/15	6,749	6,895	6,73	6,85	4971692
DIA	27/03/15	6,86	6,949	6,818	6,835	3728580
DIA	30/03/15	6,875	6,97	6,814	6,89	4757998
DIA	31/03/15	6,889	7,12	6,887	7,086	5437210
DIA	01/04/15	7,021	7,116	6,956	7,054	5895772
DIA	02/04/15	7,085	7,099	7,03	7,049	3240623
DIA	07/04/15	7,085	7,175	7,05	7,156	5529329
DIA	08/04/15	7,175	7,25	7,153	7,2	4828326
DIA	09/04/15	7,245	7,359	7,215	7,306	5388209
DIA	10/04/15	7,36	7,433	7,304	7,426	5639691
DIA	13/04/15	7,432	7,49	7,401	7,457	3349825
DIA	14/04/15	7,439	7,495	7,34	7,385	3940085
DIA	15/04/15	7,404	7,497	7,212	7,265	7159300
DIA	16/04/15	7,274	7,3	7,07	7,09	6130079
DIA	17/04/15	7,084	7,186	6,981	6,999	3631030
DIA	20/04/15	7,041	7,101	7	7,076	3358057
DIA	21/04/15	7,11	7,42	7,11	7,334	7416633
DIA	22/04/15	7,322	7,405	7,101	7,15	4919134
DIA	23/04/15	7,178	7,253	7,127	7,243	4428183
DIA	24/04/15	7,25	7,294	7,082	7,169	3595008
DIA	27/04/15	7,184	7,257	7,092	7,232	2657775
DIA	29/04/15	7,201	7,265	7,015	7,066	4478392
DIA	30/04/15	7,049	7,07	6,952	6,976	4128850
DIA	04/05/15	6,96	7,085	6,933	7,061	2204152
DIA	05/05/15	7,092	7,213	6,953	6,954	3875930
DIA	06/05/15	6,96	7,003	6,864	6,933	3073930
DIA	07/05/15	6,919	7,11	6,831	7,079	6037038
DIA	08/05/15	7,138	7,27	7,081	7,205	4078200
DIA	11/05/15	7,236	7,288	7,185	7,234	3484079
DIA	12/05/15	7,257	7,275	7,116	7,158	4319873
DIA	13/05/15	7,3	7,355	7,2	7,254	4269372
DIA	14/05/15	7,254	7,359	7,202	7,326	2476584
DIA	15/05/15	7,366	7,439	7,341	7,397	3529513
DIA	18/05/15	7,437	7,481	7,319	7,412	4182587
DIA	19/05/15	7,15	7,217	7,06	7,19	15272710
DIA	20/05/15	7,2	7,209	7,145	7,169	4698511
DIA	21/05/15	7,15	7,197	7,138	7,19	4677615
DIA	22/05/15	7,2	7,212	7,161	7,18	3861756
DIA	25/05/15	7,143	7,161	7,013	7,066	1722957
DIA	26/05/15	7,057	7,118	6,968	7,028	3852342
DIA	27/05/15	7,048	7,172	7,048	7,151	2609859
DIA	28/05/15	7,139	7,216	7,122	7,2	4296104
DIA	29/05/15	7,2	7,216	7,033	7,056	4442043
DIA	01/06/15	7,061	7,144	6,95	6,975	3077083
DIA	02/06/15	7,025	7,025	6,862	6,935	3634463
DIA	03/06/15	6,954	7,081	6,949	7,07	3911444
DIA	04/06/15	7,057	7,103	6,953	7,017	3478560
DIA	05/06/15	6,973	7,034	6,875	6,972	3945343
DIA	08/06/15	6,944	6,944	6,707	6,734	6584686
DIA	09/06/15	6,709	6,75	6,606	6,717	4663882
DIA	10/06/15	6,662	6,856	6,662	6,85	4366703
DIA	11/06/15	6,847	7,025	6,843	6,935	4107738
DIA	12/06/15	6,909	6,911	6,773	6,84	4702564
DIA	15/06/15	6,773	6,815	6,704	6,787	3689464
DIA	16/06/15	6,738	6,841	6,68	6,825	4443705
DIA	17/06/15	6,83	6,839	6,663	6,729	3013989
DIA	18/06/15	6,73	6,805	6,629	6,791	4456118
DIA	19/06/15	6,8	6,882	6,733	6,777	3793537
DIA	22/06/15	6,94	6,995	6,888	6,981	4514825
DIA	23/06/15	7,026	7,068	6,992	7,042	3492550
DIA	24/06/15	7,067	7,091	6,943	6,943	4056329
DIA	25/06/15	6,85	6,988	6,827	6,916	2500060
DIA	26/06/15	6,881	6,946	6,84	6,913	2988563
DIA	29/06/15	6,4	6,792	6,332	6,709	4619171
DIA	30/06/15	6,7	6,78	6,612	6,65	4191291
DIA	01/07/15	6,699	6,783	6,65	6,68	4042726
DIA	02/07/15	6,684	6,708	6,637	6,67	2889876
DIA	03/07/15	6,671	6,69	6,585	6,625	1931538
DIA	06/07/15	6,509	6,588	6,423	6,546	2894928
DIA	07/07/15	6,554	6,6	6,332	6,39	4955587
DIA	08/07/15	6,39	6,435	6,24	6,241	5178095
DIA	09/07/15	6,247	6,298	6,213	6,221	11687380
DIA	10/07/15	6,34	6,359	6,276	6,326	8532612
DIA	13/07/15	6,377	6,545	6,37	6,505	5415413
DIA	14/07/15	6,4	6,42	6,276	6,39	7117950
DIA	15/07/15	6,402	6,431	6,35	6,381	4391215
DIA	16/07/15	6,34	6,4	6,252	6,4	7406485
DIA	17/07/15	6,427	6,43	6,346	6,371	5219826
DIA	20/07/15	6,385	6,479	6,38	6,42	5655669
DIA	21/07/15	6,442	6,479	6,425	6,449	6112989
DIA	22/07/15	6,439	6,507	6,424	6,473	7250847
DIA	23/07/15	6,506	6,51	6,422	6,439	6106941
DIA	24/07/15	6,419	6,494	6,38	6,427	6815327
DIA	27/07/15	6,4	6,425	6,303	6,307	7024083
DIA	28/07/15	6,032	6,35	5,923	5,981	10893260
DIA	29/07/15	5,696	6,024	5,59	5,706	15011260
DIA	30/07/15	5,529	5,605	5,405	5,55	12642090
DIA	31/07/15	5,568	5,571	5,445	5,499	6241000
DIA	03/08/15	5,505	5,529	5,38	5,492	4678513
DIA	04/08/15	5,481	5,61	5,479	5,55	6755454
DIA	05/08/15	5,58	5,616	5,531	5,562	5063617
DIA	06/08/15	5,568	5,575	5,41	5,466	6250644
DIA	07/08/15	5,464	5,558	5,453	5,517	5085562
DIA	10/08/15	5,552	5,578	5,454	5,552	4704173
DIA	11/08/15	5,548	5,566	5,421	5,425	5055340
DIA	12/08/15	5,39	5,395	5,32	5,34	4188410
DIA	13/08/15	5,42	5,467	5,369	5,371	4436833
DIA	14/08/15	5,373	5,448	5,342	5,368	4439916
DIA	17/08/15	5,4	5,447	5,31	5,37	5105761
DIA	18/08/15	5,362	5,419	5,35	5,4	3810785
DIA	19/08/15	5,4	5,417	5,21	5,21	7295888
DIA	20/08/15	5,202	5,281	5,084	5,092	7082435
DIA	21/08/15	5,025	5,204	4,989	5,064	6503495
DIA	24/08/15	4,92	5	4,739	4,926	8607486
DIA	25/08/15	4,985	5,11	4,95	5,07	7396228
DIA	26/08/15	5,012	5,168	4,96	5,065	3816334
DIA	27/08/15	5,175	5,201	5,061	5,172	4733606
DIA	28/08/15	5,18	5,248	5,123	5,243	3713980
DIA	31/08/15	5,247	5,247	5,104	5,166	3376671
DIA	01/09/15	5,092	5,092	4,963	4,996	3819406
DIA	02/09/15	5	5,05	4,915	4,983	3394869
DIA	03/09/15	5,017	5,114	5,006	5,079	3910142
DIA	04/09/15	5,054	5,127	4,939	4,971	3754094
DIA	07/09/15	5,045	5,182	5,041	5,101	4793466
DIA	08/09/15	5,129	5,265	5,112	5,175	3747711
DIA	09/09/15	5,303	5,57	5,271	5,506	10999610
DIA	10/09/15	5,489	5,491	5,398	5,404	6060393
DIA	11/09/15	5,41	5,41	5,205	5,221	4972193
DIA	14/09/15	5,228	5,323	5,08	5,098	3409579
DIA	15/09/15	5,129	5,134	4,995	5,083	4764689
DIA	16/09/15	5,136	5,175	5,081	5,159	4520150
DIA	17/09/15	5,163	5,176	5,023	5,123	6592238
DIA	18/09/15	5,085	5,28	5,06	5,229	8526123
DIA	21/09/15	5,218	5,256	5,184	5,206	3888068
DIA	22/09/15	5,2	5,207	5,065	5,078	4784806
DIA	23/09/15	5,063	5,182	5,021	5,075	3585149
DIA	24/09/15	5,067	5,079	4,852	4,895	5670364
DIA	25/09/15	4,962	5,04	4,913	4,96	5413976
DIA	28/09/15	4,954	5,066	4,864	4,908	3782168
DIA	29/09/15	4,85	5,063	4,85	4,986	3229764
DIA	30/09/15	5,093	5,288	5,061	5,203	5062013
DIA	01/10/15	5,248	5,32	5,14	5,152	3922698
DIA	02/10/15	5,214	5,405	5,168	5,299	4332173
DIA	05/10/15	5,421	5,62	5,421	5,606	7765218
DIA	06/10/15	5,64	5,695	5,573	5,627	5641837
DIA	07/10/15	5,7	5,84	5,651	5,776	5993709
DIA	08/10/15	5,771	5,939	5,727	5,864	6311987
DIA	09/10/15	5,95	5,96	5,785	5,892	6082221
DIA	12/10/15	5,922	5,976	5,872	5,894	2669515
DIA	13/10/15	5,915	5,92	5,616	5,683	4300077
DIA	14/10/15	5,663	5,685	5,57	5,623	2656058
DIA	15/10/15	5,658	5,712	5,571	5,604	3438093
DIA	16/10/15	5,649	5,819	5,647	5,797	5417541
DIA	19/10/15	5,788	5,834	5,691	5,713	3125654
DIA	20/10/15	5,745	5,819	5,718	5,796	2885560
DIA	21/10/15	5,8	5,94	5,734	5,889	3289397
DIA	22/10/15	5,889	5,94	5,77	5,85	4578563
DIA	23/10/15	5,906	6,04	5,904	5,96	6128492
DIA	26/10/15	5,98	6,066	5,923	6,02	4395803
DIA	27/10/15	5,797	6,095	5,515	5,586	10324230
DIA	28/10/15	5,53	5,53	5,357	5,447	10442350
DIA	29/10/15	5,491	5,64	5,482	5,541	6103563
DIA	30/10/15	5,56	5,588	5,48	5,588	2754166
DIA	02/11/15	5,535	5,721	5,5	5,662	5503391
DIA	03/11/15	5,673	5,715	5,639	5,69	3522203
DIA	04/11/15	5,69	5,79	5,661	5,662	3045446
DIA	05/11/15	5,658	5,774	5,58	5,668	3327218
DIA	06/11/15	5,679	5,824	5,679	5,797	3178816
DIA	09/11/15	5,8	5,835	5,658	5,658	2573368
DIA	10/11/15	5,67	5,727	5,568	5,652	2280985
DIA	11/11/15	5,686	5,764	5,62	5,642	2417118
DIA	12/11/15	5,621	5,658	5,527	5,596	3000788
DIA	13/11/15	5,589	5,64	5,48	5,513	2143155
DIA	16/11/15	5,45	5,612	5,403	5,599	1516347
DIA	17/11/15	5,65	5,771	5,632	5,771	3465780
DIA	18/11/15	5,732	5,813	5,708	5,78	2765541
DIA	19/11/15	5,82	5,86	5,8	5,835	4342832
DIA	20/11/15	5,859	5,922	5,778	5,888	2786817
DIA	23/11/15	5,912	5,919	5,801	5,841	2848953
DIA	24/11/15	5,827	5,828	5,638	5,741	3482658
DIA	25/11/15	5,733	5,8	5,641	5,717	2858227
DIA	26/11/15	5,73	5,874	5,679	5,838	4068415
DIA	27/11/15	5,8	5,807	5,646	5,677	4351950
DIA	30/11/15	5,7	5,82	5,677	5,783	3985193
DIA	01/12/15	5,758	5,806	5,712	5,754	2995007
DIA	02/12/15	5,77	5,82	5,767	5,784	3672892
DIA	03/12/15	5,754	5,86	5,519	5,519	5372420
DIA	04/12/15	5,52	5,629	5,451	5,592	3759929
DIA	07/12/15	5,625	5,683	5,554	5,631	3903596
DIA	08/12/15	5,626	5,67	5,436	5,493	4303258
DIA	09/12/15	5,475	5,488	5,304	5,39	4940082
DIA	10/12/15	5,367	5,417	5,334	5,396	3436524
DIA	11/12/15	5,391	5,392	5,259	5,284	3863165
DIA	14/12/15	5,28	5,373	5,145	5,145	3822829
DIA	15/12/15	5,18	5,435	5,169	5,396	3637151
DIA	16/12/15	5,435	5,446	5,298	5,383	5792703
DIA	17/12/15	5,49	5,507	5,295	5,33	6164155
DIA	18/12/15	5,249	5,337	5,176	5,212	5542442
DIA	21/12/15	5,148	5,221	4,983	5,136	3090113
DIA	22/12/15	5,14	5,21	5,124	5,199	3068489
DIA	23/12/15	5,253	5,356	5,235	5,35	1871103
DIA	24/12/15	5,418	5,428	5,34	5,418	580915
DIA	28/12/15	5,446	5,479	5,305	5,355	1700229
DIA	29/12/15	5,372	5,429	5,301	5,341	1623584
DIA	30/12/15	5,35	5,401	5,301	5,357	1960753
DIA	31/12/15	5,244	5,342	5,231	5,244	878981
DIA	04/01/16	5,2	5,2	5,064	5,106	5632408
DIA	05/01/16	5,154	5,154	4,981	5,01	3240859
DIA	06/01/16	4,998	4,998	4,8	4,852	4336107
DIA	07/01/16	4,72	4,735	4,642	4,699	4033768
DIA	08/01/16	4,725	4,819	4,675	4,696	4149805
DIA	11/01/16	4,652	4,736	4,612	4,681	3805716
DIA	12/01/16	4,705	4,892	4,68	4,818	3747172
DIA	13/01/16	4,87	4,99	4,825	4,837	6403641
DIA	14/01/16	4,82	4,82	4,63	4,706	6250980
DIA	15/01/16	4,706	4,731	4,573	4,655	4508892
DIA	18/01/16	4,643	4,674	4,551	4,591	5462180
DIA	19/01/16	4,668	4,754	4,629	4,657	2918595
DIA	20/01/16	4,561	4,614	4,5	4,54	3086806
DIA	21/01/16	4,55	4,656	4,509	4,647	3117744
DIA	22/01/16	4,755	4,829	4,731	4,77	3349228
DIA	25/01/16	4,788	4,788	4,627	4,663	2436424
DIA	26/01/16	4,59	4,692	4,537	4,681	3102432
DIA	27/01/16	4,647	4,721	4,634	4,714	1655276
DIA	28/01/16	4,665	4,742	4,608	4,652	3079472
DIA	29/01/16	4,71	4,749	4,682	4,747	3798440
DIA	01/02/16	4,78	4,9	4,756	4,86	4425327
DIA	02/02/16	4,842	4,864	4,633	4,648	4302598
DIA	03/02/16	4,64	4,66	4,453	4,515	2788453
DIA	04/02/16	4,558	4,672	4,54	4,638	5653016
DIA	05/02/16	4,644	4,834	4,644	4,791	4257668
DIA	08/02/16	4,8	4,849	4,553	4,606	5262632
DIA	09/02/16	4,606	4,686	4,485	4,667	6632659
DIA	10/02/16	4,72	4,824	4,659	4,726	3649359
DIA	11/02/16	4,644	4,645	4,406	4,427	5239575
DIA	12/02/16	4,464	4,52	4,412	4,45	3651201
DIA	15/02/16	4,575	4,676	4,547	4,638	2877325
DIA	16/02/16	4,674	4,711	4,583	4,707	4019191
DIA	17/02/16	4,75	4,878	4,721	4,844	4700345
DIA	18/02/16	4,88	4,913	4,788	4,804	3068047
DIA	19/02/16	4,785	4,822	4,68	4,716	2397638
DIA	22/02/16	4,7	4,82	4,7	4,8	4662490
DIA	23/02/16	4,781	4,833	4,721	4,773	4531638
DIA	24/02/16	4,613	4,756	4,45	4,533	9798414
DIA	25/02/16	4,307	4,56	4,231	4,32	10600140
DIA	26/02/16	4,353	4,536	4,352	4,448	6877987
DIA	29/02/16	4,414	4,45	4,355	4,444	7686953
DIA	01/03/16	4,443	4,621	4,429	4,6	7400211
DIA	02/03/16	4,62	4,648	4,525	4,563	3470404
DIA	03/03/16	4,587	4,74	4,533	4,68	4666761
DIA	04/03/16	4,694	4,775	4,659	4,775	6341136
DIA	07/03/16	4,764	4,814	4,7	4,803	3347761
DIA	08/03/16	4,78	4,795	4,633	4,633	5344902
DIA	09/03/16	4,671	4,688	4,445	4,472	16506870
DIA	10/03/16	4,517	4,559	4,411	4,437	5180537
DIA	11/03/16	4,495	4,568	4,451	4,488	7713172
DIA	14/03/16	4,52	4,56	4,451	4,507	4523991
DIA	15/03/16	4,482	4,482	4,345	4,399	5978491
DIA	16/03/16	4,391	4,463	4,391	4,442	2588729
DIA	17/03/16	4,476	4,51	4,362	4,491	4675830
DIA	18/03/16	4,491	4,576	4,463	4,519	5267368
DIA	21/03/16	4,505	4,549	4,452	4,467	2323042
DIA	22/03/16	4,453	4,515	4,38	4,514	2323764
DIA	23/03/16	4,52	4,538	4,402	4,435	2644343
DIA	24/03/16	4,414	4,418	4,352	4,37	2159629
DIA	29/03/16	4,385	4,44	4,334	4,352	2553024
DIA	30/03/16	4,4	4,61	4,394	4,552	5170124
DIA	31/03/16	4,525	4,53	4,333	4,366	6757983
DIA	01/04/16	4,319	4,339	4,203	4,28	5992029
DIA	04/04/16	4,295	4,363	4,238	4,313	3194017
DIA	05/04/16	4,272	4,284	4,061	4,167	5086127
DIA	06/04/16	4,162	4,245	4,142	4,245	5595676
DIA	07/04/16	4,275	4,276	4,187	4,266	4599760
DIA	08/04/16	4,288	4,339	4,26	4,369	4940574
DIA	11/04/16	4,345	4,506	4,322	4,494	4548845
DIA	12/04/16	4,497	4,636	4,468	4,613	5828782
DIA	13/04/16	4,666	4,681	4,624	4,658	6378689
DIA	14/04/16	4,668	4,723	4,631	4,638	3978282
DIA	15/04/16	4,64	4,708	4,55	4,694	4799683
DIA	18/04/16	4,63	4,752	4,567	4,742	2969658
DIA	19/04/16	4,74	4,856	4,728	4,82	4661212
DIA	20/04/16	4,82	4,877	4,74	4,828	2974478
DIA	21/04/16	4,825	4,875	4,775	4,8	4121059
DIA	22/04/16	4,785	4,869	4,776	4,863	2562420
DIA	25/04/16	4,862	4,882	4,76	4,778	2413288
DIA	26/04/16	4,801	4,82	4,751	4,79	2512669
DIA	27/04/16	4,807	4,85	4,64	4,727	5065914
DIA	28/04/16	4,716	4,755	4,651	4,752	3421474
DIA	29/04/16	4,717	4,731	4,625	4,646	3212952
DIA	02/05/16	4,646	4,736	4,614	4,713	2191042
DIA	03/05/16	4,7	4,719	4,506	4,565	3814680
DIA	04/05/16	4,563	4,57	4,482	4,513	2563579
DIA	05/05/16	4,539	4,666	4,512	4,53	2247510
DIA	06/05/16	4,51	4,6	4,49	4,585	2111667
DIA	09/05/16	4,63	4,7	4,585	4,623	2710945
DIA	10/05/16	4,666	4,713	4,594	4,627	3426871
DIA	11/05/16	4,657	4,66	4,471	4,577	4335516
DIA	12/05/16	4,985	5,069	4,521	4,88	12115710
DIA	13/05/16	5,218	5,22	5,213	5,213	10060130
DIA	16/05/16	5,223	5,223	5,076	5,147	3419361
DIA	17/05/16	5,202	5,22	5,006	5,097	4173870
DIA	18/05/16	5,054	5,105	4,993	5,083	3492909
DIA	19/05/16	5,083	5,087	4,965	4,979	3202188
DIA	20/05/16	5,027	5,05	4,965	5,05	3335508
DIA	23/05/16	5,05	5,055	4,948	5,014	2806895
DIA	24/05/16	5,01	5,148	4,98	5,101	2843681
DIA	25/05/16	5,15	5,15	5,059	5,135	2877527
DIA	26/05/16	5,142	5,177	5,11	5,16	1924060
DIA	27/05/16	5,131	5,208	5,06	5,199	2722817
DIA	30/05/16	5,205	5,28	5,198	5,244	1731919
DIA	31/05/16	5,244	5,26	5,14	5,175	3960293
DIA	01/06/16	5,186	5,188	5,106	5,128	1624586
DIA	02/06/16	5,156	5,248	5,128	5,206	3092293
DIA	03/06/16	5,22	5,253	5,073	5,139	2532377
DIA	06/06/16	5,153	5,216	5,103	5,193	1965938
DIA	07/06/16	5,225	5,272	5,182	5,182	2505881
DIA	08/06/16	5,166	5,197	5,13	5,163	2564443
DIA	09/06/16	5,166	5,184	5,082	5,089	1806964
DIA	10/06/16	5,05	5,07	4,895	4,928	2647522
DIA	13/06/16	4,869	4,93	4,823	4,88	3747787
DIA	14/06/16	4,83	4,91	4,764	4,87	3989402
DIA	15/06/16	4,915	5,028	4,88	4,988	3609369
DIA	16/06/16	4,94	4,988	4,871	4,892	3725279
DIA	17/06/16	4,928	5,01	4,905	4,974	3883993
DIA	20/06/16	5,081	5,138	5,052	5,088	2656322
DIA	21/06/16	5,088	5,125	5,04	5,073	3349668
DIA	22/06/16	5,12	5,13	5,029	5,07	4095782
DIA	23/06/16	5,1	5,189	5,068	5,1	3097327
DIA	24/06/16	4,55	4,83	3,951	4,619	8754058
DIA	27/06/16	4,619	4,798	4,46	4,567	7274704
DIA	28/06/16	4,7	4,81	4,614	4,75	5368661
DIA	29/06/16	4,801	4,98	4,782	4,945	4433876
DIA	30/06/16	4,958	5,035	4,882	5,002	4953469
DIA	01/07/16	5,059	5,104	4,995	5,083	2422400
DIA	04/07/16	5,125	5,147	5,017	5,026	1772709
DIA	05/07/16	5,003	5,015	4,911	4,95	2474179
DIA	06/07/16	4,924	4,934	4,853	4,9	2261566
DIA	07/07/16	4,938	5	4,936	4,976	2538090
DIA	08/07/16	5,197	5,267	4,935	5,217	5069245
DIA	11/07/16	5,346	5,43	5,3	5,401	4017963
DIA	12/07/16	5,43	5,637	5,43	5,572	5938919
DIA	13/07/16	5,563	5,591	5,514	5,526	2964553
DIA	14/07/16	5,55	5,58	5,4	5,567	4810283
DIA	15/07/16	5,515	5,558	5,48	5,533	3927715
DIA	18/07/16	5,539	5,608	5,525	5,559	2227927
DIA	19/07/16	5,561	5,595	5,5	5,583	2969525
DIA	20/07/16	5,604	5,69	5,576	5,69	3174087
DIA	21/07/16	5,698	5,724	5,652	5,711	2300328
DIA	22/07/16	5,74	5,8	5,714	5,755	4455569
DIA	25/07/16	5,754	5,799	5,702	5,714	2760042
DIA	26/07/16	5,723	5,733	5,661	5,699	3083914
DIA	27/07/16	5,7	5,73	5,49	5,649	6630673
DIA	28/07/16	5,668	5,73	5,555	5,555	4859707
DIA	29/07/16	5,575	5,608	5,55	5,581	2872801
DIA	01/08/16	5,605	5,623	5,473	5,514	3406805
DIA	02/08/16	5,483	5,51	5,362	5,384	3060274
DIA	03/08/16	5,394	5,409	5,319	5,38	2664672
DIA	04/08/16	5,427	5,459	5,36	5,365	3241456
DIA	05/08/16	5,393	5,427	5,323	5,399	2031016
DIA	08/08/16	5,428	5,443	5,405	5,414	1758700
DIA	09/08/16	5,431	5,514	5,4	5,508	2143547
DIA	10/08/16	5,48	5,578	5,456	5,572	2667435
DIA	11/08/16	5,6	5,63	5,573	5,63	1592982
DIA	12/08/16	5,596	5,646	5,592	5,63	2855304
DIA	15/08/16	5,635	5,659	5,612	5,62	986762
DIA	16/08/16	5,605	5,613	5,566	5,57	2432362
DIA	17/08/16	5,562	5,562	5,465	5,498	1399439
DIA	18/08/16	5,527	5,546	5,498	5,535	1341512
DIA	19/08/16	5,543	5,543	5,468	5,5	924020
DIA	22/08/16	5,483	5,596	5,483	5,533	1422481
DIA	23/08/16	5,549	5,61	5,539	5,553	1301001
DIA	24/08/16	5,539	5,583	5,492	5,492	2392153
DIA	25/08/16	5,485	5,485	5,411	5,461	1654051
DIA	26/08/16	5,461	5,5	5,422	5,469	1446703
DIA	29/08/16	5,451	5,47	5,411	5,418	806893
DIA	30/08/16	5,427	5,515	5,418	5,51	1634843
DIA	31/08/16	5,518	5,551	5,467	5,475	3603789
DIA	01/09/16	5,489	5,535	5,451	5,479	2506190
DIA	02/09/16	5,494	5,564	5,452	5,553	1980765
DIA	05/09/16	5,564	5,589	5,529	5,55	1354782
DIA	06/09/16	5,558	5,57	5,512	5,528	1386101
DIA	07/09/16	5,549	5,562	5,528	5,55	727708
DIA	08/09/16	5,565	5,576	5,478	5,518	2805668
DIA	09/09/16	5,5	5,529	5,429	5,441	1005434
DIA	12/09/16	5,345	5,345	5,251	5,302	2107812
DIA	13/09/16	5,346	5,355	5,237	5,244	2137783
DIA	14/09/16	5,273	5,297	5,254	5,278	1556646
DIA	15/09/16	5,286	5,337	5,271	5,317	2258376
DIA	16/09/16	5,295	5,34	5,263	5,309	2200000
DIA	19/09/16	5,357	5,511	5,353	5,485	3043699
DIA	20/09/16	5,52	5,57	5,482	5,556	3265425
DIA	21/09/16	5,602	5,692	5,549	5,549	3653542
DIA	22/09/16	5,6	5,689	5,578	5,669	1751747
DIA	23/09/16	5,643	5,687	5,606	5,659	1410649
DIA	26/09/16	5,643	5,643	5,581	5,621	2065597
DIA	27/09/16	5,692	5,692	5,535	5,585	1808800
DIA	28/09/16	5,623	5,65	5,438	5,469	2883641
DIA	29/09/16	5,497	5,554	5,475	5,497	2735066
DIA	30/09/16	5,44	5,525	5,336	5,511	3293613
DIA	03/10/16	5,531	5,574	5,49	5,535	1221288
DIA	04/10/16	5,565	5,649	5,545	5,621	3114814
DIA	05/10/16	5,573	5,666	5,52	5,643	2470999
DIA	06/10/16	5,675	5,675	5,57	5,656	1883543
DIA	07/10/16	5,662	5,673	5,504	5,504	2508133
DIA	10/10/16	5,507	5,527	5,461	5,496	2017188
DIA	11/10/16	5,492	5,611	5,474	5,53	2360718
DIA	12/10/16	5,557	5,629	5,516	5,566	2013722
DIA	13/10/16	5,537	5,555	5,47	5,525	3756966
DIA	14/10/16	5,542	5,597	5,275	5,41	4192594
DIA	17/10/16	5,463	5,47	5,384	5,391	4004872
DIA	18/10/16	5,381	5,459	5,283	5,409	3740445
DIA	19/10/16	5,41	5,501	5,357	5,476	4162139
DIA	20/10/16	5,503	5,518	5,442	5,472	3030898
DIA	21/10/16	5,488	5,489	5,41	5,451	2546108
DIA	24/10/16	5,49	5,512	5,462	5,475	3028337
DIA	25/10/16	5,192	5,454	5,06	5,111	17946320
DIA	26/10/16	5,109	5,109	4,95	4,992	11746220
DIA	27/10/16	4,995	5	4,891	4,93	11430850
DIA	28/10/16	4,931	5,009	4,862	4,941	8142806
DIA	31/10/16	4,877	4,951	4,844	4,877	6170651
DIA	01/11/16	4,917	4,941	4,86	4,871	6404846
DIA	02/11/16	4,851	4,867	4,732	4,755	7343771
DIA	03/11/16	4,75	4,87	4,735	4,818	4939804
DIA	04/11/16	4,825	4,835	4,717	4,729	4204935
DIA	07/11/16	4,8	4,803	4,741	4,779	3227923
DIA	08/11/16	4,778	4,796	4,732	4,752	3725329
DIA	09/11/16	4,591	4,73	4,565	4,717	6525824
DIA	10/11/16	4,752	4,77	4,619	4,636	5721370
DIA	11/11/16	4,657	4,684	4,61	4,62	3435038
DIA	14/11/16	4,666	4,67	4,558	4,58	5189848
DIA	15/11/16	4,608	4,643	4,533	4,592	4433130
DIA	16/11/16	4,602	4,65	4,56	4,593	3765479
DIA	17/11/16	4,59	4,638	4,569	4,621	2800859
DIA	18/11/16	4,641	4,65	4,573	4,602	2874419
DIA	21/11/16	4,357	4,59	4,35	4,45	6182190
DIA	22/11/16	4,463	4,527	4,434	4,51	3394688
DIA	23/11/16	4,54	4,555	4,479	4,484	2630874
DIA	24/11/16	4,506	4,526	4,414	4,436	3220181
DIA	25/11/16	4,423	4,453	4,38	4,44	3228382
DIA	28/11/16	4,448	4,487	4,401	4,431	3260085
DIA	29/11/16	4,441	4,506	4,432	4,488	2963129
DIA	30/11/16	4,471	4,5	4,294	4,306	8875356
DIA	01/12/16	4,298	4,3	4,252	4,27	4294625
DIA	02/12/16	4,269	4,28	4,18	4,237	4960086
DIA	05/12/16	4,23	4,324	4,204	4,239	3576780
DIA	06/12/16	4,255	4,27	4,212	4,224	3328816
DIA	07/12/16	4,273	4,35	4,233	4,35	5294245
DIA	08/12/16	4,381	4,457	4,378	4,415	4201542
DIA	09/12/16	4,466	4,475	4,392	4,466	4763686
DIA	12/12/16	4,5	4,505	4,438	4,492	3685682
DIA	13/12/16	4,495	4,572	4,472	4,543	5857878
DIA	14/12/16	4,564	4,68	4,546	4,564	5183891
DIA	15/12/16	4,569	4,579	4,456	4,545	4823566
DIA	16/12/16	4,538	4,585	4,5	4,573	5465143
DIA	19/12/16	4,583	4,65	4,576	4,583	3454101
DIA	20/12/16	4,589	4,703	4,561	4,673	5541064
DIA	21/12/16	4,674	4,709	4,637	4,655	4298963
DIA	22/12/16	4,641	4,695	4,632	4,668	3136752
DIA	23/12/16	4,674	4,685	4,624	4,632	1783218
DIA	27/12/16	4,64	4,668	4,622	4,623	1857321
DIA	28/12/16	4,623	4,634	4,581	4,611	2730664
DIA	29/12/16	4,593	4,649	4,586	4,649	1494397
DIA	30/12/16	4,65	4,67	4,62	4,665	1538913
DIA	02/01/17	4,668	4,775	4,66	4,775	1755386
DIA	03/01/17	4,79	4,812	4,711	4,721	4233373
DIA	04/01/17	4,74	4,743	4,68	4,7	3181945
DIA	05/01/17	4,711	4,733	4,66	4,697	3345059
DIA	06/01/17	4,709	4,732	4,689	4,724	1571646
DIA	09/01/17	4,75	4,759	4,708	4,74	1781694
DIA	10/01/17	4,76	4,764	4,662	4,692	4119583
DIA	11/01/17	4,692	4,695	4,611	4,634	4588784
DIA	12/01/17	4,623	4,633	4,591	4,613	3576483
DIA	13/01/17	4,645	4,748	4,632	4,73	4036768
DIA	16/01/17	4,728	4,854	4,688	4,796	4683469
DIA	17/01/17	4,796	4,813	4,761	4,796	2966106
DIA	18/01/17	4,8	4,825	4,687	4,704	3808504
DIA	19/01/17	4,739	4,808	4,691	4,784	3715011
DIA	20/01/17	4,771	4,807	4,745	4,762	2048817
DIA	23/01/17	4,752	4,752	4,645	4,665	3765401
DIA	24/01/17	4,681	4,715	4,657	4,7	3423927
DIA	25/01/17	4,731	4,84	4,7	4,83	5228487
DIA	26/01/17	4,83	4,842	4,776	4,804	3811404
DIA	27/01/17	4,81	4,81	4,74	4,782	1463628
DIA	30/01/17	4,782	4,81	4,734	4,772	1956688
DIA	31/01/17	4,791	4,92	4,763	4,893	6927375
DIA	01/02/17	4,97	5,147	4,925	5,018	12658200
DIA	02/02/17	5,02	5,06	4,965	5,026	4405534
DIA	03/02/17	5,046	5,099	4,992	5,088	3948331
DIA	06/02/17	5,096	5,117	4,98	5,003	4390167
DIA	07/02/17	4,979	5,038	4,972	5,018	2555341
DIA	08/02/17	5,02	5,094	4,998	5,074	3420839
DIA	09/02/17	5,084	5,144	5,035	5,13	4152562
DIA	10/02/17	5,143	5,19	5,113	5,13	2574720
DIA	13/02/17	5,14	5,183	5,11	5,162	2523692
DIA	14/02/17	5,15	5,191	5,121	5,139	2772470
DIA	15/02/17	5,136	5,15	4,971	5,063	5074696
DIA	16/02/17	5,046	5,077	4,881	4,971	6312619
DIA	17/02/17	4,983	5,01	4,923	4,96	4277707
DIA	20/02/17	4,998	5,015	4,91	4,921	3979909
DIA	21/02/17	4,94	4,953	4,901	4,931	2974743
DIA	22/02/17	4,931	4,957	4,854	4,869	6136811
DIA	23/02/17	5,06	5,127	4,871	5	11597280
DIA	24/02/17	5,01	5,06	4,93	5,005	6043045
DIA	27/02/17	5,043	5,095	5,035	5,08	4378391
DIA	28/02/17	5,092	5,268	5,069	5,241	12263110
DIA	01/03/17	5,263	5,339	5,229	5,32	6333232
DIA	02/03/17	5,298	5,33	5,278	5,285	5388898
DIA	03/03/17	5,261	5,261	5,151	5,226	5893073
DIA	06/03/17	5,134	5,152	5,035	5,123	8551278
DIA	07/03/17	5,13	5,215	5,105	5,18	6546555
DIA	08/03/17	5,168	5,185	5,101	5,169	4251569
DIA	09/03/17	5,144	5,144	5,072	5,123	5736822
DIA	10/03/17	5,137	5,149	5,093	5,116	3812742
DIA	13/03/17	5,137	5,153	5,105	5,15	3487769
DIA	14/03/17	5,15	5,161	5,085	5,109	4747306
DIA	15/03/17	5,113	5,18	5,084	5,18	4144893
DIA	16/03/17	5,213	5,22	5,17	5,215	5348825
DIA	17/03/17	5,204	5,248	5,15	5,242	4852149
DIA	20/03/17	5,228	5,259	5,19	5,19	2560590
DIA	21/03/17	5,208	5,222	5,13	5,13	3510713
DIA	22/03/17	5,12	5,133	5,075	5,093	3766333
DIA	23/03/17	5,093	5,152	5,082	5,152	5915529
DIA	24/03/17	5,158	5,199	5,1	5,176	4174378
DIA	27/03/17	5,155	5,228	5,142	5,228	3383832
DIA	28/03/17	5,23	5,268	5,209	5,254	4319488
DIA	29/03/17	5,265	5,358	5,263	5,341	4677089
DIA	30/03/17	5,361	5,414	5,335	5,408	4092375
DIA	31/03/17	5,386	5,421	5,343	5,421	2470668
DIA	03/04/17	5,44	5,46	5,387	5,395	3138980
DIA	04/04/17	5,39	5,44	5,351	5,359	4061470
DIA	05/04/17	5,389	5,446	5,362	5,426	4004147
DIA	06/04/17	5,411	5,432	5,362	5,424	3976726
DIA	07/04/17	5,4	5,44	5,386	5,43	2724585
DIA	10/04/17	5,43	5,45	5,371	5,4	2379921
DIA	11/04/17	5,377	5,432	5,373	5,432	4170071
DIA	12/04/17	5,45	5,47	5,395	5,453	2510891
DIA	13/04/17	5,455	5,499	5,433	5,499	1461571
DIA	18/04/17	5,48	5,495	5,25	5,339	7749168
DIA	19/04/17	5,312	5,385	5,214	5,339	5501256
DIA	20/04/17	5,349	5,416	5,32	5,394	4229771
DIA	21/04/17	5,365	5,365	5,225	5,244	4482287
DIA	24/04/17	5,38	5,405	5,329	5,38	4668432
DIA	25/04/17	5,378	5,48	5,341	5,478	4198172
DIA	26/04/17	5,437	5,48	5,369	5,477	7072551
DIA	27/04/17	5,477	5,509	5,436	5,509	3486872
DIA	28/04/17	5,488	5,508	5,465	5,465	4751451
DIA	02/05/17	5,42	5,482	5,377	5,422	5159185
DIA	03/05/17	5,397	5,424	5,33	5,38	3702770
DIA	04/05/17	5,398	5,438	5,357	5,432	2801444
DIA	05/05/17	5,42	5,528	5,42	5,528	3497684
DIA	08/05/17	5,55	5,589	5,52	5,589	3099505
DIA	09/05/17	5,59	5,6	5,537	5,582	3114103
DIA	10/05/17	5,6	5,645	5,595	5,632	5158212
DIA	11/05/17	5,369	5,576	5,299	5,389	13341010
DIA	12/05/17	5,389	5,403	5,21	5,322	8222399
DIA	15/05/17	5,314	5,367	5,299	5,355	3484005
DIA	16/05/17	5,441	5,493	5,414	5,474	8504530
DIA	17/05/17	5,446	5,453	5,366	5,386	4012734
DIA	18/05/17	5,36	5,439	5,222	5,344	6577168
DIA	19/05/17	5,358	5,363	5,274	5,317	4197163
DIA	22/05/17	5,31	5,377	5,31	5,36	3943917
DIA	23/05/17	5,359	5,378	5,335	5,367	2389916
DIA	24/05/17	5,358	5,428	5,342	5,393	3988520
DIA	25/05/17	5,415	5,457	5,375	5,457	1787497
DIA	26/05/17	5,433	5,493	5,406	5,482	2985302
DIA	29/05/17	5,484	5,541	5,456	5,527	1447605
DIA	30/05/17	5,516	5,55	5,476	5,549	3437192
DIA	31/05/17	5,538	5,54	5,452	5,479	6715993
DIA	01/06/17	5,425	5,52	5,422	5,463	2616053
DIA	02/06/17	5,497	5,556	5,478	5,516	2102937
DIA	05/06/17	5,495	5,519	5,453	5,455	1220667
DIA	06/06/17	5,45	5,475	5,401	5,474	1343820
DIA	07/06/17	5,461	5,546	5,429	5,47	2990664
DIA	08/06/17	5,474	5,529	5,445	5,529	3879787
DIA	09/06/17	5,535	5,594	5,49	5,552	2994410
DIA	12/06/17	5,569	5,579	5,5	5,579	2642595
DIA	13/06/17	5,575	5,657	5,551	5,614	3977225
DIA	14/06/17	5,626	5,82	5,618	5,67	6488639
DIA	15/06/17	5,666	5,666	5,531	5,554	3496371
DIA	16/06/17	5,56	5,63	5,472	5,507	4037827
DIA	19/06/17	5,536	5,658	5,536	5,61	3386995
DIA	20/06/17	5,64	5,649	5,51	5,511	2847980
DIA	21/06/17	5,5	5,518	5,47	5,471	2973082
DIA	22/06/17	5,479	5,496	5,44	5,486	2780471
DIA	23/06/17	5,489	5,516	5,462	5,49	911680
DIA	26/06/17	5,511	5,549	5,478	5,486	2173601
DIA	27/06/17	5,459	5,491	5,368	5,378	3628523
DIA	28/06/17	5,379	5,531	5,379	5,486	3364160
DIA	29/06/17	5,515	5,545	5,442	5,488	3426563
DIA	30/06/17	5,497	5,528	5,451	5,451	2461231
DIA	03/07/17	5,48	5,51	5,446	5,471	2815491
DIA	04/07/17	5,465	5,465	5,38	5,38	2325582
DIA	05/07/17	5,375	5,403	5,361	5,387	2545068
DIA	06/07/17	5,38	5,38	5,234	5,236	5150632
DIA	07/07/17	5,245	5,245	5,081	5,179	4766175
DIA	10/07/17	5,232	5,269	5,175	5,268	2637885
DIA	11/07/17	5,27	5,3	5,249	5,292	3177062
DIA	12/07/17	5,292	5,348	5,252	5,341	4075624
DIA	13/07/17	5,364	5,508	5,36	5,488	5478562
DIA	14/07/17	0	5,255	5,255	5,255	0
DIA	17/07/17	5,35	5,362	5,246	5,35	2958900
DIA	18/07/17	5,268	5,359	5,268	5,268	3237370
DIA	19/07/17	5,165	5,292	5,152	5,165	3690046
DIA	20/07/17	5,224	5,265	5,184	5,224	4355598
DIA	21/07/17	5,232	5,244	5,107	5,121	2398069
DIA	24/07/17	5,05	5,151	5,039	5,05	2806509
DIA	25/07/17	5,126	5,137	5,053	5,126	4052213
DIA	26/07/17	5,267	5,287	5,109	5,267	3761467
DIA	27/07/17	5,218	5,26	5,071	5,218	5129072
DIA	28/07/17	6	6,414	5,17	6	33655950
DIA	31/07/17	5,703	5,975	5,68	5,703	11179760
DIA	01/08/17	5,664	5,779	5,621	5,664	4311105
DIA	02/08/17	5,569	5,708	5,565	5,569	3754528
DIA	03/08/17	5,572	5,578	5,462	5,572	3608954
DIA	04/08/17	5,647	5,663	5,558	5,647	2574275
DIA	07/08/17	5,517	5,65	5,517	5,517	2666957
DIA	08/08/17	5,5	5,549	5,48	5,5	2287628
DIA	09/08/17	5,486	5,495	5,435	5,486	1443033
DIA	10/08/17	5,394	5,478	5,381	5,394	2108691
DIA	11/08/17	5,426	5,436	5,326	5,426	2565768
DIA	14/08/17	5,48	5,488	5,441	5,48	1853685
DIA	15/08/17	5,482	5,508	5,45	5,482	860734
DIA	16/08/17	5,609	5,61	5,47	5,609	2497947
DIA	17/08/17	5,562	5,607	5,551	5,562	1657794
DIA	18/08/17	5,42	5,511	5,401	5,42	3485156
DIA	21/08/17	5,529	5,548	5,399	5,529	2716765
DIA	22/08/17	5,554	5,58	5,496	5,554	1606962
DIA	23/08/17	5,492	5,568	5,488	5,492	1556613
DIA	24/08/17	5,431	5,485	5,423	5,431	1991500
DIA	25/08/17	5,351	5,4	5,322	5,351	3224057
DIA	28/08/17	5,307	5,379	5,285	5,307	710215
DIA	29/08/17	5,253	5,264	5,215	5,253	2589664
DIA	30/08/17	5,354	5,399	5,296	5,354	1392358
DIA	31/08/17	5,316	5,34	5,27	5,316	4777211
DIA	01/09/17	5,292	5,346	5,2	5,292	2456392
DIA	04/09/17	5,281	5,35	5,274	5,281	1363171
DIA	05/09/17	5,301	5,341	5,269	5,301	1550731
DIA	06/09/17	5,253	5,337	5,238	5,253	1935238
DIA	07/09/17	5,275	5,284	5,23	5,275	2125042
DIA	08/09/17	5,238	5,28	5,209	5,238	1460978
DIA	11/09/17	5,304	5,334	5,243	5,304	1447384
DIA	12/09/17	5,28	5,356	5,267	5,28	1876077
DIA	13/09/17	5,273	5,33	5,241	5,273	2321520
DIA	14/09/17	5,189	5,28	5,161	5,189	2238019
DIA	15/09/17	5,209	5,232	5,168	5,209	1709460
DIA	18/09/17	5,204	5,262	5,195	5,204	1837412
DIA	19/09/17	5,209	5,259	5,195	5,209	2264412
DIA	20/09/17	5,135	5,201	5,11	5,135	1783492
DIA	21/09/17	5,056	5,19	5,048	5,056	2120777
DIA	22/09/17	5,016	5,07	5,005	5,016	1667267
DIA	25/09/17	4,919	5,017	4,919	4,919	3365205
DIA	26/09/17	4,928	4,955	4,902	4,928	2675142
DIA	27/09/17	4,971	4,99	4,92	4,971	1843821
DIA	28/09/17	4,958	4,985	4,916	4,958	2575612
DIA	29/09/17	4,935	4,985	4,907	4,935	2678768
DIA	02/10/17	4,895	4,915	4,84	4,895	2726818
DIA	03/10/17	4,908	4,966	4,883	4,908	2285605


