<TICKER>,<PER>,<DTYYYYMMDD>,<TIME>,<OPEN>,<HIGH>,<LOW>,<CLOSE>,<VOL>,<OPENINT>
BTL.MC,D,20040624,000000,12.50,12.50,11.82,12.00,47200900,0
BTL.MC,D,20040625,000000,11.95,12.36,11.92,12.29,19277200,0
BTL.MC,D,20040628,000000,12.38,12.70,12.35,12.65,8677200,0
BTL.MC,D,20040629,000000,12.65,12.73,12.32,12.32,4979000,0
BTL.MC,D,20040630,000000,12.41,12.43,12.24,12.27,15646500,0
BTL.MC,D,20040701,000000,12.39,12.57,12.28,12.30,2741700,0
BTL.MC,D,20040702,000000,12.33,12.44,12.30,12.41,1635000,0
BTL.MC,D,20040705,000000,12.42,12.43,12.15,12.20,1456300,0
BTL.MC,D,20040706,000000,12.24,12.39,12.05,12.20,2218100,0
BTL.MC,D,20040707,000000,12.18,12.32,12.18,12.28,5698200,0
BTL.MC,D,20040708,000000,12.32,12.50,12.18,12.47,2230800,0
BTL.MC,D,20040709,000000,12.42,12.72,12.42,12.72,2374400,0
BTL.MC,D,20040712,000000,12.75,12.96,12.58,12.65,3376200,0
BTL.MC,D,20040713,000000,12.73,12.92,12.66,12.90,2306100,0
BTL.MC,D,20040714,000000,12.89,13.09,12.85,13.05,5015400,0
BTL.MC,D,20040715,000000,13.10,13.26,12.91,13.08,4199600,0
BTL.MC,D,20040716,000000,13.09,13.19,12.95,13.16,1459000,0
BTL.MC,D,20040719,000000,13.11,13.35,13.10,13.31,1659700,0
BTL.MC,D,20040720,000000,13.38,13.55,13.37,13.50,4193900,0
BTL.MC,D,20040721,000000,13.59,13.65,13.25,13.25,3003800,0
BTL.MC,D,20040722,000000,13.24,13.31,12.80,12.80,2064600,0
BTL.MC,D,20040723,000000,12.94,12.97,12.32,12.43,3576400,0
BTL.MC,D,20040726,000000,12.42,12.48,12.15,12.20,2200000,0
BTL.MC,D,20040727,000000,12.30,12.74,12.25,12.74,1881200,0
BTL.MC,D,20040728,000000,12.92,13.23,12.85,13.00,2872100,0
BTL.MC,D,20040729,000000,13.14,13.36,13.08,13.16,2167700,0
BTL.MC,D,20040730,000000,13.30,13.31,13.05,13.13,1044400,0
BTL.MC,D,20040802,000000,13.00,13.10,12.65,12.77,729500,0
BTL.MC,D,20040803,000000,12.84,12.97,12.52,12.65,776900,0
BTL.MC,D,20040804,000000,12.62,12.65,12.41,12.58,729800,0
BTL.MC,D,20040805,000000,12.64,12.77,12.53,12.66,926800,0
BTL.MC,D,20040806,000000,12.52,12.70,12.30,12.41,1636100,0
BTL.MC,D,20040809,000000,12.41,12.43,12.17,12.20,829400,0
BTL.MC,D,20040810,000000,12.25,12.38,12.20,12.32,687100,0
BTL.MC,D,20040811,000000,12.45,12.60,12.09,12.20,919600,0
BTL.MC,D,20040812,000000,12.20,12.44,12.20,12.31,2037600,0
BTL.MC,D,20040813,000000,12.24,12.55,12.20,12.51,908500,0
BTL.MC,D,20040816,000000,12.51,12.51,12.51,12.51,000,0
BTL.MC,D,20040817,000000,12.62,12.78,12.62,12.71,733600,0
BTL.MC,D,20040818,000000,12.84,12.88,12.61,12.83,434100,0
BTL.MC,D,20040819,000000,12.87,12.87,12.70,12.73,827200,0
BTL.MC,D,20040820,000000,12.65,12.80,12.61,12.80,219700,0
BTL.MC,D,20040823,000000,12.88,13.04,12.82,13.00,462400,0
BTL.MC,D,20040824,000000,13.00,13.12,12.90,13.02,586700,0
BTL.MC,D,20040825,000000,13.00,13.09,12.85,12.85,317300,0
BTL.MC,D,20040826,000000,12.95,13.00,12.93,12.95,984400,0
BTL.MC,D,20040827,000000,12.99,13.00,12.85,12.95,175100,0
BTL.MC,D,20040830,000000,12.93,12.95,12.82,12.93,218900,0
BTL.MC,D,20040831,000000,12.95,12.96,12.69,12.90,2281000,0
BTL.MC,D,20040901,000000,12.94,12.94,12.83,12.90,345900,0
BTL.MC,D,20040902,000000,12.85,12.85,12.75,12.75,693300,0
BTL.MC,D,20040903,000000,12.70,12.95,12.66,12.90,994800,0
BTL.MC,D,20040906,000000,12.97,13.00,12.90,12.95,706300,0
BTL.MC,D,20040907,000000,12.92,12.92,12.78,12.84,755600,0
BTL.MC,D,20040908,000000,12.88,13.15,12.85,13.15,2441300,0
BTL.MC,D,20040909,000000,13.13,13.29,13.00,13.16,2196700,0
BTL.MC,D,20040910,000000,13.20,13.25,13.15,13.20,926800,0
BTL.MC,D,20040913,000000,13.22,13.81,13.20,13.81,3410600,0
BTL.MC,D,20040914,000000,13.82,13.94,13.72,13.84,1363800,0
BTL.MC,D,20040915,000000,13.80,14.07,13.61,13.66,1516800,0
BTL.MC,D,20040916,000000,13.68,14.14,13.63,14.10,1494200,0
BTL.MC,D,20040917,000000,14.10,14.22,13.88,14.00,1749400,0
BTL.MC,D,20040920,000000,14.03,14.07,13.83,13.98,567300,0
BTL.MC,D,20040921,000000,14.06,14.15,13.95,14.00,1501900,0
BTL.MC,D,20040922,000000,14.08,14.30,14.00,14.11,1955800,0
BTL.MC,D,20040923,000000,14.00,14.16,13.97,14.04,954900,0
BTL.MC,D,20040924,000000,14.04,14.40,14.00,14.39,998200,0
BTL.MC,D,20040927,000000,14.33,14.34,14.19,14.29,835800,0
BTL.MC,D,20040928,000000,14.20,14.75,14.20,14.62,1621500,0
BTL.MC,D,20040929,000000,14.75,14.85,14.50,14.71,1335900,0
BTL.MC,D,20040930,000000,14.77,14.81,14.45,14.56,653500,0
BTL.MC,D,20041001,000000,14.58,14.72,14.43,14.66,878000,0
BTL.MC,D,20041004,000000,14.60,14.90,14.60,14.71,1031100,0
BTL.MC,D,20041005,000000,14.69,14.85,14.50,14.51,783900,0
BTL.MC,D,20041006,000000,14.55,15.00,14.55,15.00,1441700,0
BTL.MC,D,20041007,000000,15.05,15.38,15.03,15.28,3958400,0
BTL.MC,D,20041008,000000,15.15,16.30,15.15,15.80,4198900,0
BTL.MC,D,20041011,000000,15.98,16.13,15.66,16.09,1491400,0
BTL.MC,D,20041012,000000,16.09,16.09,16.09,16.09,000,0
BTL.MC,D,20041013,000000,16.20,16.79,16.12,16.44,4615400,0
BTL.MC,D,20041014,000000,16.50,16.59,15.71,15.92,2757700,0
BTL.MC,D,20041015,000000,15.90,16.19,15.61,15.74,3605800,0
BTL.MC,D,20041018,000000,15.87,15.93,15.33,15.43,1337700,0
BTL.MC,D,20041019,000000,15.20,15.42,14.53,14.89,6575100,0
BTL.MC,D,20041020,000000,14.85,15.07,14.75,14.95,2484300,0
BTL.MC,D,20041021,000000,15.00,15.19,14.76,15.19,1958300,0
BTL.MC,D,20041022,000000,15.31,15.48,15.15,15.30,1319900,0
BTL.MC,D,20041025,000000,15.18,15.18,14.89,14.98,978100,0
BTL.MC,D,20041026,000000,15.02,15.46,15.02,15.40,1559600,0
BTL.MC,D,20041027,000000,15.40,15.57,14.93,15.15,2060800,0
BTL.MC,D,20041028,000000,15.25,15.29,15.07,15.24,912200,0
BTL.MC,D,20041029,000000,15.11,15.20,14.92,14.97,1769800,0
BTL.MC,D,20041101,000000,14.97,14.97,14.97,14.97,000,0
BTL.MC,D,20041102,000000,15.15,15.15,14.85,14.85,1817400,0
BTL.MC,D,20041103,000000,14.88,14.97,14.77,14.77,1236700,0
BTL.MC,D,20041104,000000,14.83,14.85,14.15,14.19,3396600,0
BTL.MC,D,20041105,000000,14.35,14.54,14.32,14.47,2341400,0
BTL.MC,D,20041108,000000,14.49,14.66,14.42,14.66,1030000,0
BTL.MC,D,20041109,000000,14.64,14.75,14.52,14.54,1027800,0
BTL.MC,D,20041110,000000,14.48,14.84,14.48,14.84,996800,0
BTL.MC,D,20041111,000000,14.94,14.94,14.73,14.81,530500,0
BTL.MC,D,20041112,000000,14.93,14.93,14.73,14.83,1090800,0
BTL.MC,D,20041115,000000,14.90,14.97,14.79,14.93,546500,0
BTL.MC,D,20041116,000000,14.99,14.99,14.51,14.54,973300,0
BTL.MC,D,20041117,000000,14.60,14.68,14.53,14.59,817900,0
BTL.MC,D,20041118,000000,14.58,14.67,14.54,14.58,734500,0
BTL.MC,D,20041119,000000,14.52,14.79,14.52,14.61,1154000,0
BTL.MC,D,20041122,000000,14.50,14.61,14.50,14.57,353700,0
BTL.MC,D,20041123,000000,14.62,14.74,14.62,14.65,1293600,0
BTL.MC,D,20041124,000000,14.73,14.75,14.56,14.68,681500,0
BTL.MC,D,20041125,000000,14.68,14.76,14.58,14.60,1241500,0
BTL.MC,D,20041126,000000,14.59,14.60,14.36,14.49,561000,0
BTL.MC,D,20041129,000000,14.58,14.63,14.23,14.37,1150000,0
BTL.MC,D,20041130,000000,14.39,14.39,14.20,14.22,1042900,0
BTL.MC,D,20041201,000000,14.22,14.32,14.16,14.18,925600,0
BTL.MC,D,20041202,000000,14.21,14.50,13.92,14.45,2039700,0
BTL.MC,D,20041203,000000,14.50,14.72,14.48,14.69,1268600,0
BTL.MC,D,20041206,000000,14.69,14.69,14.69,14.69,000,0
BTL.MC,D,20041207,000000,14.69,14.74,14.55,14.65,810100,0
BTL.MC,D,20041208,000000,14.65,14.65,14.65,14.65,000,0
BTL.MC,D,20041209,000000,14.56,14.74,14.45,14.60,1849000,0
BTL.MC,D,20041210,000000,14.70,14.71,14.62,14.66,1274600,0
BTL.MC,D,20041213,000000,14.76,15.04,14.66,14.77,1928900,0
BTL.MC,D,20041214,000000,14.79,14.90,14.70,14.79,1559600,0
BTL.MC,D,20041215,000000,14.85,15.15,14.76,15.03,989500,0
BTL.MC,D,20041216,000000,15.12,15.15,14.61,14.77,1371300,0
BTL.MC,D,20041217,000000,14.71,14.75,14.56,14.56,755400,0
BTL.MC,D,20041220,000000,14.72,14.94,14.65,14.72,961000,0
BTL.MC,D,20041221,000000,14.80,14.91,14.73,14.80,952600,0
BTL.MC,D,20041222,000000,14.81,14.88,14.66,14.72,677300,0
BTL.MC,D,20041223,000000,14.78,14.81,14.66,14.69,2371700,0
BTL.MC,D,20041224,000000,14.69,14.69,14.69,14.69,000,0
BTL.MC,D,20041227,000000,14.69,14.75,14.65,14.75,415700,0
BTL.MC,D,20041228,000000,14.72,14.85,14.69,14.85,591000,0
BTL.MC,D,20041229,000000,14.77,14.87,14.75,14.81,842100,0
BTL.MC,D,20041230,000000,14.84,15.18,14.83,15.18,4268100,0
BTL.MC,D,20041231,000000,15.18,15.18,15.18,15.18,000,0
BTL.MC,D,20050103,000000,15.15,15.48,15.10,15.37,1609800,0
BTL.MC,D,20050104,000000,15.42,16.10,15.42,16.10,2449600,0
BTL.MC,D,20050105,000000,16.14,16.38,15.85,15.85,2130400,0
BTL.MC,D,20050106,000000,15.85,15.85,15.85,15.85,000,0
BTL.MC,D,20050107,000000,16.05,16.43,16.00,16.42,1930900,0
BTL.MC,D,20050110,000000,16.52,17.08,16.50,16.81,2580400,0
BTL.MC,D,20050111,000000,17.00,17.22,16.47,16.52,2412200,0
BTL.MC,D,20050112,000000,16.51,16.80,16.15,16.17,1517000,0
BTL.MC,D,20050113,000000,16.28,16.60,16.18,16.56,1320600,0
BTL.MC,D,20050114,000000,16.59,16.75,16.37,16.55,667900,0
BTL.MC,D,20050117,000000,16.69,16.87,16.69,16.80,1251200,0
BTL.MC,D,20050118,000000,16.69,16.76,16.25,16.60,7615500,0
BTL.MC,D,20050119,000000,16.60,16.62,16.46,16.50,968400,0
BTL.MC,D,20050120,000000,16.41,16.44,16.09,16.09,1662500,0
BTL.MC,D,20050121,000000,16.00,16.30,16.00,16.05,1251700,0
BTL.MC,D,20050124,000000,16.02,16.05,15.68,15.75,1200400,0
BTL.MC,D,20050125,000000,15.93,16.58,15.93,16.56,2030300,0
BTL.MC,D,20050126,000000,16.65,16.79,16.56,16.58,1008900,0
BTL.MC,D,20050127,000000,16.70,16.70,16.33,16.55,745700,0
BTL.MC,D,20050128,000000,16.55,16.68,16.50,16.58,742900,0
BTL.MC,D,20050131,000000,16.60,16.74,16.55,16.60,963500,0
BTL.MC,D,20050201,000000,16.69,16.69,16.43,16.54,1081200,0
BTL.MC,D,20050202,000000,16.68,16.68,16.44,16.48,1134100,0
BTL.MC,D,20050203,000000,16.52,16.52,16.12,16.19,1700600,0
BTL.MC,D,20050204,000000,16.28,16.29,15.75,15.97,3011700,0
BTL.MC,D,20050207,000000,16.03,16.43,16.03,16.30,2407500,0
BTL.MC,D,20050208,000000,16.45,16.49,16.23,16.44,1786000,0
BTL.MC,D,20050209,000000,16.49,16.56,16.30,16.50,1754100,0
BTL.MC,D,20050210,000000,16.42,16.63,16.42,16.59,1285200,0
BTL.MC,D,20050211,000000,16.60,16.62,16.47,16.62,1049100,0
BTL.MC,D,20050214,000000,16.60,16.67,16.50,16.50,1054500,0
BTL.MC,D,20050215,000000,16.43,16.49,16.34,16.37,790600,0
BTL.MC,D,20050216,000000,16.40,16.57,16.35,16.40,1290800,0
BTL.MC,D,20050217,000000,16.46,16.53,16.40,16.50,838800,0
BTL.MC,D,20050218,000000,16.55,16.55,16.21,16.26,481000,0
BTL.MC,D,20050221,000000,16.15,16.25,15.86,15.98,1094900,0
BTL.MC,D,20050222,000000,16.10,16.18,15.75,15.81,1121100,0
BTL.MC,D,20050223,000000,15.65,16.02,15.40,15.89,1719400,0
BTL.MC,D,20050224,000000,15.92,16.00,15.65,15.87,1691100,0
BTL.MC,D,20050225,000000,16.05,16.43,15.95,16.43,1942700,0
BTL.MC,D,20050228,000000,16.50,16.66,16.45,16.65,1788600,0
BTL.MC,D,20050301,000000,16.72,17.05,16.65,16.88,2228000,0
BTL.MC,D,20050302,000000,17.23,17.55,17.12,17.13,4258100,0
BTL.MC,D,20050303,000000,17.22,17.34,17.03,17.09,1797900,0
BTL.MC,D,20050304,000000,17.08,17.30,17.00,17.30,1383400,0
BTL.MC,D,20050307,000000,17.35,17.49,17.15,17.38,1480100,0
BTL.MC,D,20050308,000000,17.35,17.40,17.13,17.15,866000,0
BTL.MC,D,20050309,000000,17.10,17.33,17.03,17.03,581700,0
BTL.MC,D,20050310,000000,17.05,17.15,16.83,16.95,504600,0
BTL.MC,D,20050311,000000,16.95,17.21,16.93,17.21,305100,0
BTL.MC,D,20050314,000000,17.30,17.30,17.04,17.19,424400,0
BTL.MC,D,20050315,000000,17.10,17.19,16.92,16.97,361800,0
BTL.MC,D,20050316,000000,17.04,17.09,16.70,16.72,650800,0
BTL.MC,D,20050317,000000,16.63,16.93,16.62,16.84,500100,0
BTL.MC,D,20050318,000000,16.90,17.10,16.74,17.07,349000,0
BTL.MC,D,20050321,000000,17.09,17.10,16.82,16.89,248100,0
BTL.MC,D,20050322,000000,16.98,17.22,16.85,17.22,364900,0
BTL.MC,D,20050323,000000,17.15,17.15,16.92,17.05,364300,0
BTL.MC,D,20050324,000000,17.15,17.24,17.05,17.19,674100,0
BTL.MC,D,20050325,000000,17.19,17.19,17.19,17.19,000,0
BTL.MC,D,20050328,000000,17.19,17.19,17.19,17.19,000,0
BTL.MC,D,20050329,000000,17.18,17.26,16.91,17.08,676000,0
BTL.MC,D,20050330,000000,16.94,17.44,16.94,17.39,625600,0
BTL.MC,D,20050331,000000,17.46,18.06,17.46,17.94,1960100,0
BTL.MC,D,20050401,000000,18.07,18.30,17.95,18.23,1274700,0
BTL.MC,D,20050404,000000,18.15,18.40,18.03,18.30,1155700,0
BTL.MC,D,20050405,000000,18.37,18.90,18.37,18.88,767700,0
BTL.MC,D,20050406,000000,19.02,19.25,18.45,18.53,2243600,0
BTL.MC,D,20050407,000000,18.67,18.72,18.46,18.48,778000,0
BTL.MC,D,20050408,000000,18.79,18.79,18.25,18.36,758300,0
BTL.MC,D,20050411,000000,18.50,18.50,18.25,18.31,522600,0
BTL.MC,D,20050412,000000,18.31,18.50,18.17,18.27,493000,0
BTL.MC,D,20050413,000000,18.45,18.47,18.16,18.16,1586000,0
BTL.MC,D,20050414,000000,18.05,18.47,18.03,18.46,905400,0
BTL.MC,D,20050415,000000,18.26,18.30,17.99,17.99,879600,0
BTL.MC,D,20050418,000000,17.68,17.79,17.31,17.53,6167000,0
BTL.MC,D,20050419,000000,17.71,17.85,17.60,17.60,15539200,0
BTL.MC,D,20050420,000000,17.80,17.95,17.72,17.80,3768800,0
BTL.MC,D,20050421,000000,17.68,18.17,17.60,18.03,807200,0
BTL.MC,D,20050422,000000,18.49,18.49,18.23,18.33,3793900,0
BTL.MC,D,20050425,000000,17.91,18.38,17.85,18.35,1211600,0
BTL.MC,D,20050426,000000,18.31,18.44,18.15,18.28,6069100,0
BTL.MC,D,20050427,000000,18.12,18.27,17.98,18.06,2940300,0
BTL.MC,D,20050428,000000,18.05,18.23,17.44,17.52,1073400,0
BTL.MC,D,20050429,000000,17.40,17.93,17.17,17.67,4150800,0
BTL.MC,D,20050502,000000,17.85,18.18,17.80,18.07,662900,0
BTL.MC,D,20050503,000000,18.20,18.56,18.07,18.30,1126900,0
BTL.MC,D,20050504,000000,18.46,18.69,18.37,18.66,5622000,0
BTL.MC,D,20050505,000000,19.00,19.07,18.83,18.94,3289700,0
BTL.MC,D,20050506,000000,18.93,19.03,18.76,18.88,4486800,0
BTL.MC,D,20050509,000000,19.03,19.09,18.75,18.87,6186400,0
BTL.MC,D,20050510,000000,18.29,18.29,17.87,17.94,1835300,0
BTL.MC,D,20050511,000000,17.96,17.96,17.58,17.70,16520100,0
BTL.MC,D,20050512,000000,17.82,17.96,17.47,17.53,5346700,0
BTL.MC,D,20050513,000000,17.35,17.93,17.31,17.90,5023900,0
BTL.MC,D,20050516,000000,17.93,18.00,17.71,17.92,702200,0
BTL.MC,D,20050517,000000,18.01,18.33,17.91,18.29,1347400,0
BTL.MC,D,20050518,000000,18.35,18.65,18.08,18.65,1569600,0
BTL.MC,D,20050519,000000,18.66,18.74,18.35,18.50,2582800,0
BTL.MC,D,20050520,000000,18.47,18.56,18.38,18.45,1149300,0
BTL.MC,D,20050523,000000,18.69,18.74,18.47,18.70,1580300,0
BTL.MC,D,20050524,000000,18.62,19.07,18.60,19.04,2469000,0
BTL.MC,D,20050525,000000,19.00,19.13,18.77,18.82,803200,0
BTL.MC,D,20050526,000000,18.77,18.95,18.75,18.79,795600,0
BTL.MC,D,20050527,000000,18.80,18.85,18.61,18.68,589200,0
BTL.MC,D,20050530,000000,18.52,18.72,18.52,18.72,363700,0
BTL.MC,D,20050531,000000,18.76,19.06,18.76,18.84,968000,0
BTL.MC,D,20050601,000000,18.78,18.99,18.78,18.93,676600,0
BTL.MC,D,20050602,000000,18.87,19.17,18.75,18.84,918100,0
BTL.MC,D,20050603,000000,18.84,18.84,18.84,18.84,000,0
BTL.MC,D,20050606,000000,18.78,18.87,18.78,18.84,428800,0
BTL.MC,D,20050607,000000,18.87,19.24,18.85,19.24,1365800,0
BTL.MC,D,20050608,000000,19.15,19.45,19.04,19.35,1552100,0
BTL.MC,D,20050609,000000,19.30,19.74,19.24,19.34,1270400,0
BTL.MC,D,20050610,000000,19.30,19.54,19.10,19.19,849700,0
BTL.MC,D,20050613,000000,19.19,19.55,19.08,19.36,791400,0
BTL.MC,D,20050614,000000,19.34,19.45,19.14,19.33,649700,0
BTL.MC,D,20050615,000000,19.45,19.54,19.14,19.29,679600,0
BTL.MC,D,20050616,000000,19.32,19.63,19.32,19.50,3618800,0
BTL.MC,D,20050617,000000,19.55,19.65,19.43,19.44,601900,0
BTL.MC,D,20050620,000000,19.57,19.62,19.32,19.37,440900,0
BTL.MC,D,20050621,000000,19.42,19.59,19.27,19.56,749900,0
BTL.MC,D,20050622,000000,19.48,19.63,19.41,19.49,473500,0
BTL.MC,D,20050623,000000,19.30,19.51,19.26,19.30,1358300,0
BTL.MC,D,20050624,000000,19.10,19.29,19.08,19.11,813600,0
BTL.MC,D,20050627,000000,18.85,19.04,18.70,18.90,756100,0
BTL.MC,D,20050628,000000,19.00,19.26,19.00,19.26,628900,0
BTL.MC,D,20050629,000000,19.30,19.49,19.30,19.45,751600,0
BTL.MC,D,20050630,000000,19.32,19.43,19.27,19.36,1690000,0
BTL.MC,D,20050701,000000,19.17,19.47,19.15,19.44,416600,0
BTL.MC,D,20050704,000000,19.40,19.48,19.30,19.43,1284100,0
BTL.MC,D,20050705,000000,19.50,19.78,19.32,19.74,1232100,0
BTL.MC,D,20050706,000000,19.80,19.88,19.57,19.67,1056000,0
BTL.MC,D,20050707,000000,19.63,19.66,18.90,19.44,1155100,0
BTL.MC,D,20050708,000000,19.59,20.05,19.59,20.04,986300,0
BTL.MC,D,20050711,000000,20.20,20.26,20.05,20.25,531600,0
BTL.MC,D,20050712,000000,20.26,20.45,20.07,20.38,582200,0
BTL.MC,D,20050713,000000,20.23,20.45,20.10,20.23,581700,0
BTL.MC,D,20050714,000000,20.10,20.20,19.85,19.94,1742500,0
BTL.MC,D,20050715,000000,19.85,20.00,19.54,19.60,1702300,0
BTL.MC,D,20050718,000000,19.60,19.65,19.44,19.53,991200,0
BTL.MC,D,20050719,000000,19.59,19.65,19.45,19.65,755700,0
BTL.MC,D,20050720,000000,19.68,19.89,19.60,19.84,1461500,0
BTL.MC,D,20050721,000000,19.82,19.97,19.75,19.78,676800,0
BTL.MC,D,20050722,000000,19.66,19.85,19.61,19.66,416200,0
BTL.MC,D,20050725,000000,19.60,19.83,19.60,19.79,480900,0
BTL.MC,D,20050726,000000,19.67,20.01,19.65,20.00,686700,0
BTL.MC,D,20050727,000000,20.05,20.12,19.71,19.98,917200,0
BTL.MC,D,20050728,000000,20.00,20.05,19.46,19.70,1394600,0
BTL.MC,D,20050729,000000,19.70,19.86,19.46,19.55,1387100,0
BTL.MC,D,20050801,000000,19.55,19.60,19.07,19.15,1390700,0
BTL.MC,D,20050802,000000,19.13,19.13,18.70,18.97,2617700,0
BTL.MC,D,20050803,000000,18.97,19.08,18.93,18.99,1095700,0
BTL.MC,D,20050804,000000,18.99,19.16,18.96,19.03,1110700,0
BTL.MC,D,20050805,000000,18.85,19.20,18.85,19.14,626300,0
BTL.MC,D,20050808,000000,19.08,19.54,19.01,19.32,506500,0
BTL.MC,D,20050809,000000,19.45,19.45,19.14,19.33,700000,0
BTL.MC,D,20050810,000000,19.51,19.68,19.44,19.66,966600,0
BTL.MC,D,20050811,000000,19.44,19.66,19.32,19.54,713100,0
BTL.MC,D,20050812,000000,19.42,19.59,19.32,19.34,495600,0
BTL.MC,D,20050815,000000,19.31,19.59,19.31,19.50,162800,0
BTL.MC,D,20050816,000000,19.49,19.64,19.45,19.47,342400,0
BTL.MC,D,20050817,000000,19.40,19.52,19.30,19.45,606500,0
BTL.MC,D,20050818,000000,19.55,19.56,19.19,19.20,317000,0
BTL.MC,D,20050819,000000,19.20,19.33,19.10,19.14,378500,0
BTL.MC,D,20050822,000000,19.14,19.35,19.10,19.13,225700,0
BTL.MC,D,20050823,000000,19.13,19.24,19.01,19.10,516700,0
BTL.MC,D,20050824,000000,19.00,19.08,18.83,18.98,472100,0
BTL.MC,D,20050825,000000,18.83,18.99,18.81,18.81,480600,0
BTL.MC,D,20050826,000000,18.81,19.01,18.80,18.80,1120200,0
BTL.MC,D,20050829,000000,18.74,18.74,18.61,18.64,248800,0
BTL.MC,D,20050830,000000,18.52,18.90,18.50,18.58,1347900,0
BTL.MC,D,20050831,000000,18.60,18.87,18.53,18.80,477700,0
BTL.MC,D,20050901,000000,18.80,18.97,18.80,18.97,424100,0
BTL.MC,D,20050902,000000,18.93,18.97,18.61,18.97,777400,0
BTL.MC,D,20050905,000000,18.91,18.99,18.79,18.85,430000,0
BTL.MC,D,20050906,000000,18.71,18.84,18.63,18.68,822400,0
BTL.MC,D,20050907,000000,18.76,18.89,18.62,18.88,572800,0
BTL.MC,D,20050908,000000,18.92,18.95,18.64,18.71,463800,0
BTL.MC,D,20050909,000000,18.71,18.78,18.66,18.70,604200,0
BTL.MC,D,20050912,000000,18.67,19.09,18.62,19.05,943100,0
BTL.MC,D,20050913,000000,18.99,19.38,18.95,19.33,902400,0
BTL.MC,D,20050914,000000,19.27,19.36,19.20,19.24,570800,0
BTL.MC,D,20050915,000000,19.11,19.30,19.01,19.07,540300,0
BTL.MC,D,20050916,000000,19.00,19.09,18.89,18.89,599300,0
BTL.MC,D,20050919,000000,18.75,19.10,18.71,19.02,320400,0
BTL.MC,D,20050920,000000,18.96,19.02,18.89,19.00,449700,0
BTL.MC,D,20050921,000000,18.92,19.02,18.77,18.85,349600,0
BTL.MC,D,20050922,000000,18.85,18.85,18.59,18.65,662500,0
BTL.MC,D,20050923,000000,18.56,18.80,18.50,18.66,528100,0
BTL.MC,D,20050926,000000,18.80,18.85,18.50,18.76,913600,0
BTL.MC,D,20050927,000000,18.70,18.75,18.30,18.40,523500,0
BTL.MC,D,20050928,000000,18.50,18.58,18.11,18.16,1208600,0
BTL.MC,D,20050929,000000,18.12,18.14,17.50,17.55,2573200,0
BTL.MC,D,20050930,000000,17.70,17.74,17.09,17.40,3737100,0
BTL.MC,D,20051003,000000,17.42,17.86,17.42,17.69,5792700,0
BTL.MC,D,20051004,000000,17.61,18.05,17.61,17.99,1400000,0
BTL.MC,D,20051005,000000,17.99,18.20,17.83,18.16,1131900,0
BTL.MC,D,20051006,000000,17.95,18.00,17.75,17.76,2445900,0
BTL.MC,D,20051007,000000,17.76,17.80,17.44,17.58,1780700,0
BTL.MC,D,20051010,000000,17.67,17.75,17.56,17.70,822900,0
BTL.MC,D,20051011,000000,17.75,17.91,17.71,17.80,1245100,0
BTL.MC,D,20051012,000000,17.71,17.82,17.40,17.40,1723700,0
BTL.MC,D,20051013,000000,17.40,17.64,17.14,17.18,862900,0
BTL.MC,D,20051014,000000,17.16,17.46,17.14,17.30,1002800,0
BTL.MC,D,20051017,000000,17.37,17.42,17.19,17.22,1167400,0
BTL.MC,D,20051018,000000,17.17,17.31,16.90,17.01,1190000,0
BTL.MC,D,20051019,000000,16.90,16.90,16.20,16.69,2043800,0
BTL.MC,D,20051020,000000,16.90,17.00,16.28,16.35,1218100,0
BTL.MC,D,20051021,000000,16.21,16.46,16.20,16.35,996100,0
BTL.MC,D,20051024,000000,16.26,16.77,16.26,16.70,1191500,0
BTL.MC,D,20051025,000000,16.89,16.98,16.69,16.82,2168100,0
BTL.MC,D,20051026,000000,16.93,16.99,16.60,16.83,1287900,0
BTL.MC,D,20051027,000000,16.98,17.34,16.60,17.20,2193800,0
BTL.MC,D,20051028,000000,17.30,18.11,17.30,18.00,2647700,0
BTL.MC,D,20051031,000000,18.12,18.53,18.00,18.51,2312800,0
BTL.MC,D,20051101,000000,18.40,18.77,18.40,18.76,780800,0
BTL.MC,D,20051102,000000,18.64,18.86,18.40,18.60,2942800,0
BTL.MC,D,20051103,000000,18.76,19.16,18.65,19.10,2290200,0
BTL.MC,D,20051104,000000,19.10,19.16,18.71,18.95,2318700,0
BTL.MC,D,20051107,000000,18.53,19.07,18.53,18.91,933200,0
BTL.MC,D,20051108,000000,18.71,18.96,18.71,18.95,2083700,0
BTL.MC,D,20051109,000000,18.85,19.09,18.55,18.78,2076700,0
BTL.MC,D,20051110,000000,18.95,18.95,18.61,18.70,994300,0
BTL.MC,D,20051111,000000,18.90,19.54,18.90,19.50,2413400,0
BTL.MC,D,20051114,000000,19.26,19.52,19.13,19.25,2025100,0
BTL.MC,D,20051115,000000,19.27,19.33,18.93,19.04,1552100,0
BTL.MC,D,20051116,000000,19.11,19.88,19.10,19.83,2544300,0
BTL.MC,D,20051117,000000,19.81,20.56,19.61,19.88,2849000,0
BTL.MC,D,20051118,000000,19.88,20.14,19.61,19.61,1080100,0
BTL.MC,D,20051121,000000,19.65,19.90,19.27,19.79,2969400,0
BTL.MC,D,20051122,000000,19.89,20.27,19.65,20.20,1245800,0
BTL.MC,D,20051123,000000,20.15,20.75,20.15,20.45,2356200,0
BTL.MC,D,20051124,000000,20.41,20.46,20.08,20.18,647200,0
BTL.MC,D,20051125,000000,20.33,20.48,20.16,20.31,1875200,0
BTL.MC,D,20051128,000000,20.24,20.60,20.24,20.41,1159500,0
BTL.MC,D,20051129,000000,20.41,20.89,20.33,20.79,980300,0
BTL.MC,D,20051130,000000,20.78,20.89,20.31,20.36,829000,0
BTL.MC,D,20051201,000000,20.49,20.67,19.91,20.00,1505700,0
BTL.MC,D,20051202,000000,20.19,20.29,19.77,20.00,898900,0
BTL.MC,D,20051205,000000,20.19,20.19,19.40,19.55,2450200,0
BTL.MC,D,20051206,000000,19.60,20.08,19.50,20.01,697900,0
BTL.MC,D,20051207,000000,20.13,20.19,19.90,19.95,1091100,0
BTL.MC,D,20051208,000000,19.65,20.17,19.65,19.96,617900,0
BTL.MC,D,20051209,000000,19.64,19.92,19.64,19.71,407000,0
BTL.MC,D,20051212,000000,19.97,20.15,19.76,20.11,443000,0
BTL.MC,D,20051213,000000,20.14,20.45,20.03,20.30,485500,0
BTL.MC,D,20051214,000000,20.30,20.38,19.85,19.88,534900,0
BTL.MC,D,20051215,000000,20.02,20.17,19.44,19.69,1043800,0
BTL.MC,D,20051216,000000,19.72,20.16,19.68,20.07,662900,0
BTL.MC,D,20051219,000000,20.30,20.35,20.01,20.23,684200,0
BTL.MC,D,20051220,000000,20.18,20.98,19.98,20.90,1480800,0
BTL.MC,D,20051221,000000,20.96,21.62,20.70,21.23,2103700,0
BTL.MC,D,20051222,000000,21.19,21.74,21.11,21.24,1437400,0
BTL.MC,D,20051223,000000,21.44,21.67,20.90,21.08,853500,0
BTL.MC,D,20051226,000000,21.08,21.08,21.08,21.08,000,0
BTL.MC,D,20051227,000000,21.12,21.70,21.12,21.42,774700,0
BTL.MC,D,20051228,000000,21.10,21.66,21.10,21.57,384100,0
BTL.MC,D,20051229,000000,21.70,21.70,21.23,21.23,764500,0
BTL.MC,D,20051230,000000,21.30,21.40,20.91,21.32,62168700,0
BTL.MC,D,20060102,000000,21.42,21.50,21.20,21.30,280300,0
BTL.MC,D,20060103,000000,21.47,21.49,20.96,21.25,1211900,0
BTL.MC,D,20060104,000000,21.44,21.80,21.02,21.80,1557300,0
BTL.MC,D,20060105,000000,21.80,22.15,21.70,22.06,1983200,0
BTL.MC,D,20060106,000000,22.06,22.06,22.06,22.06,000,0
BTL.MC,D,20060109,000000,22.02,22.59,21.85,22.55,1678600,0
BTL.MC,D,20060110,000000,22.67,22.75,22.07,22.60,2004600,0
BTL.MC,D,20060111,000000,22.74,22.90,22.31,22.53,1838400,0
BTL.MC,D,20060112,000000,22.52,22.65,22.25,22.40,1075000,0
BTL.MC,D,20060113,000000,22.38,22.39,21.91,22.03,863600,0
BTL.MC,D,20060116,000000,21.79,22.17,21.72,22.10,1473900,0
BTL.MC,D,20060117,000000,21.73,21.73,20.98,21.33,3276000,0
BTL.MC,D,20060118,000000,20.85,20.88,20.33,20.52,2875300,0
BTL.MC,D,20060119,000000,20.72,20.76,20.12,20.28,2175500,0
BTL.MC,D,20060120,000000,20.38,20.38,20.12,20.20,63062000,0
BTL.MC,D,20060123,000000,20.00,20.67,19.65,20.50,1805900,0
BTL.MC,D,20060124,000000,20.90,20.90,20.45,20.55,1604600,0
BTL.MC,D,20060125,000000,20.51,20.87,20.50,20.63,1020400,0
BTL.MC,D,20060126,000000,20.66,21.00,20.66,20.88,1026700,0
BTL.MC,D,20060127,000000,20.88,21.07,20.42,20.74,947600,0
BTL.MC,D,20060130,000000,20.70,20.70,20.32,20.42,1125600,0
BTL.MC,D,20060131,000000,20.41,20.69,20.03,20.30,1817400,0
BTL.MC,D,20060201,000000,20.29,21.10,20.20,21.02,1238100,0
BTL.MC,D,20060202,000000,21.18,21.88,20.91,21.71,3071700,0
BTL.MC,D,20060203,000000,21.78,22.24,21.53,22.04,3077600,0
BTL.MC,D,20060206,000000,22.04,22.10,21.70,21.84,1568600,0
BTL.MC,D,20060207,000000,21.83,21.90,21.43,21.52,1700900,0
BTL.MC,D,20060208,000000,21.53,21.60,21.27,21.51,1557400,0
BTL.MC,D,20060209,000000,21.46,21.98,21.46,21.93,678700,0
BTL.MC,D,20060210,000000,21.93,21.93,21.45,21.63,2252700,0
BTL.MC,D,20060213,000000,21.63,21.70,21.50,21.63,1617400,0
BTL.MC,D,20060214,000000,21.61,21.64,21.18,21.31,1381800,0
BTL.MC,D,20060215,000000,21.45,21.45,21.13,21.27,1217400,0
BTL.MC,D,20060216,000000,21.16,21.33,21.05,21.14,1192100,0
BTL.MC,D,20060217,000000,21.04,21.14,20.59,20.60,1809900,0
BTL.MC,D,20060220,000000,20.50,20.76,20.22,20.39,1921600,0
BTL.MC,D,20060221,000000,20.25,20.29,19.82,20.00,1973400,0
BTL.MC,D,20060222,000000,20.13,21.07,20.05,21.00,3333200,0
BTL.MC,D,20060223,000000,21.18,21.18,20.61,20.70,2034100,0
BTL.MC,D,20060224,000000,20.59,20.91,20.31,20.38,1507500,0
BTL.MC,D,20060227,000000,20.54,20.80,19.96,20.35,1950200,0
BTL.MC,D,20060228,000000,20.45,20.55,20.23,20.50,2527300,0
BTL.MC,D,20060301,000000,20.50,20.93,20.49,20.55,2040900,0
BTL.MC,D,20060302,000000,20.80,21.45,20.76,21.11,2316700,0
BTL.MC,D,20060303,000000,21.29,21.79,21.18,21.57,2311000,0
BTL.MC,D,20060306,000000,21.87,21.90,21.06,21.15,1462800,0
BTL.MC,D,20060307,000000,21.14,21.20,20.45,21.10,2897700,0
BTL.MC,D,20060308,000000,21.10,21.14,20.57,21.00,2631300,0
BTL.MC,D,20060309,000000,21.31,21.33,20.97,21.08,839700,0
BTL.MC,D,20060310,000000,21.00,21.25,20.80,21.16,1180900,0
BTL.MC,D,20060313,000000,21.35,21.63,21.20,21.58,1287200,0
BTL.MC,D,20060314,000000,21.59,21.61,21.09,21.44,1579300,0
BTL.MC,D,20060315,000000,21.65,21.74,21.37,21.38,1293700,0
BTL.MC,D,20060316,000000,21.49,21.49,21.19,21.24,1658900,0
BTL.MC,D,20060317,000000,21.30,21.46,21.13,21.23,978400,0
BTL.MC,D,20060320,000000,21.28,21.42,21.19,21.25,766300,0
BTL.MC,D,20060321,000000,21.35,21.35,20.85,20.97,1063700,0
BTL.MC,D,20060322,000000,20.86,21.03,20.66,20.90,1326500,0
BTL.MC,D,20060323,000000,20.90,21.38,20.90,21.20,1484400,0
BTL.MC,D,20060324,000000,21.25,21.34,21.16,21.25,904700,0
BTL.MC,D,20060327,000000,21.34,21.34,20.90,20.90,1469200,0
BTL.MC,D,20060328,000000,20.88,20.98,20.58,20.64,1117200,0
BTL.MC,D,20060329,000000,20.76,20.78,20.46,20.50,1274900,0
BTL.MC,D,20060330,000000,20.64,20.75,20.44,20.66,1480900,0
BTL.MC,D,20060331,000000,20.51,20.78,20.46,20.61,1394300,0
BTL.MC,D,20060403,000000,20.84,20.98,20.67,20.78,1532400,0
BTL.MC,D,20060404,000000,20.81,20.84,20.70,20.73,2057100,0
BTL.MC,D,20060405,000000,20.79,21.08,20.42,21.00,1989400,0
BTL.MC,D,20060406,000000,21.18,21.18,20.76,20.85,1459400,0
BTL.MC,D,20060407,000000,20.95,21.55,20.86,21.19,3344200,0
BTL.MC,D,20060410,000000,21.30,21.44,21.21,21.34,2742600,0
BTL.MC,D,20060411,000000,21.35,21.40,20.97,21.00,2792200,0
BTL.MC,D,20060412,000000,21.09,21.20,20.95,21.10,2706000,0
BTL.MC,D,20060413,000000,21.21,21.21,21.00,21.04,396800,0
BTL.MC,D,20060414,000000,21.04,21.04,21.04,21.04,000,0
BTL.MC,D,20060417,000000,21.04,21.04,21.04,21.04,000,0
BTL.MC,D,20060418,000000,21.20,21.27,20.95,20.95,4291600,0
BTL.MC,D,20060419,000000,21.12,21.24,20.87,21.00,4903700,0
BTL.MC,D,20060420,000000,21.05,21.48,21.00,21.46,3077300,0
BTL.MC,D,20060421,000000,21.60,22.08,21.60,21.96,7566300,0
BTL.MC,D,20060424,000000,22.10,22.34,21.95,21.99,5396200,0
BTL.MC,D,20060425,000000,20.61,21.04,20.60,20.66,7098300,0
BTL.MC,D,20060426,000000,20.74,20.80,20.61,20.65,912700,0
BTL.MC,D,20060427,000000,20.70,20.82,20.48,20.68,2801400,0
BTL.MC,D,20060428,000000,20.63,20.77,20.01,20.25,5349600,0
BTL.MC,D,20060501,000000,20.25,20.25,20.25,20.25,000,0
BTL.MC,D,20060502,000000,20.25,20.50,20.10,20.30,793900,0
BTL.MC,D,20060503,000000,20.31,20.54,20.18,20.36,4635400,0
BTL.MC,D,20060504,000000,20.42,20.51,19.38,19.69,6652200,0
BTL.MC,D,20060505,000000,19.50,19.97,19.42,19.90,2755900,0
BTL.MC,D,20060508,000000,19.89,20.19,19.89,20.10,3409300,0
BTL.MC,D,20060509,000000,20.18,20.45,19.96,20.27,2143100,0
BTL.MC,D,20060510,000000,20.20,20.33,19.73,19.82,3286200,0
BTL.MC,D,20060511,000000,19.86,20.02,19.61,19.77,1654300,0
BTL.MC,D,20060512,000000,19.67,19.76,19.26,19.36,1013600,0
BTL.MC,D,20060515,000000,19.26,19.50,18.91,19.06,1386800,0
BTL.MC,D,20060516,000000,19.00,19.44,19.00,19.24,1246900,0
BTL.MC,D,20060517,000000,19.16,19.42,18.99,18.99,936600,0
BTL.MC,D,20060518,000000,18.99,19.00,18.40,18.63,1786900,0
BTL.MC,D,20060519,000000,18.52,18.74,18.27,18.56,4307200,0
BTL.MC,D,20060522,000000,18.42,18.69,17.54,17.65,2334400,0
BTL.MC,D,20060523,000000,17.57,18.44,17.57,18.32,5432200,0
BTL.MC,D,20060524,000000,18.29,18.70,18.00,18.50,2907400,0
BTL.MC,D,20060525,000000,18.69,19.00,18.28,18.89,2624700,0
BTL.MC,D,20060526,000000,19.00,19.24,18.65,18.98,1488700,0
BTL.MC,D,20060529,000000,19.15,19.39,18.75,19.04,1704100,0
BTL.MC,D,20060530,000000,19.10,19.18,18.83,18.97,1668300,0
BTL.MC,D,20060531,000000,18.76,18.95,18.32,18.81,1029800,0
BTL.MC,D,20060601,000000,18.88,18.99,18.66,18.93,870500,0
BTL.MC,D,20060602,000000,19.01,19.35,18.91,19.07,1514400,0
BTL.MC,D,20060605,000000,19.24,19.24,18.85,18.93,593300,0
BTL.MC,D,20060606,000000,18.83,18.88,18.46,18.59,1006400,0
BTL.MC,D,20060607,000000,18.60,18.91,18.60,18.77,1056700,0
BTL.MC,D,20060608,000000,18.45,18.69,18.28,18.39,1493900,0
BTL.MC,D,20060609,000000,18.70,18.86,18.06,18.52,2566700,0
BTL.MC,D,20060612,000000,18.37,18.44,18.01,18.18,1218900,0
BTL.MC,D,20060613,000000,17.82,17.98,17.49,17.76,1584400,0
BTL.MC,D,20060614,000000,17.75,17.88,17.47,17.67,1128300,0
BTL.MC,D,20060619,000000,18.08,18.32,17.80,18.19,1067900,0
BTL.MC,D,20060620,000000,18.05,18.16,17.60,17.89,891600,0
BTL.MC,D,20060621,000000,18.00,18.10,17.67,17.91,792800,0
BTL.MC,D,20060622,000000,18.00,18.29,17.95,18.24,1059600,0
BTL.MC,D,20060623,000000,18.22,18.46,18.08,18.23,479100,0
BTL.MC,D,20060626,000000,18.24,18.37,18.08,18.19,386600,0
BTL.MC,D,20060627,000000,18.35,18.35,18.04,18.13,483200,0
BTL.MC,D,20060628,000000,17.96,18.49,17.90,18.02,1396500,0
BTL.MC,D,20060629,000000,18.16,18.35,17.97,18.28,1279200,0
BTL.MC,D,20060630,000000,18.45,18.95,18.41,18.75,1158900,0
BTL.MC,D,20060703,000000,18.83,19.41,18.61,19.32,1635200,0
BTL.MC,D,20060704,000000,19.21,19.40,18.92,19.07,1008600,0
BTL.MC,D,20060705,000000,19.02,19.10,18.87,18.98,1186500,0
BTL.MC,D,20060706,000000,18.96,19.19,18.90,19.09,902100,0
BTL.MC,D,20060707,000000,18.98,19.25,18.90,18.98,537700,0
BTL.MC,D,20060710,000000,18.98,19.23,18.98,19.10,519500,0
BTL.MC,D,20060711,000000,19.00,19.15,18.79,18.86,821400,0
BTL.MC,D,20060712,000000,18.86,19.18,18.86,19.03,1408300,0
BTL.MC,D,20060713,000000,18.80,19.03,18.60,18.65,962300,0
BTL.MC,D,20060714,000000,18.41,18.72,18.08,18.39,943700,0
BTL.MC,D,20060717,000000,18.39,18.62,18.02,18.20,1581900,0
BTL.MC,D,20060718,000000,18.20,18.45,17.92,18.00,1022200,0
BTL.MC,D,20060719,000000,18.04,18.28,17.94,18.26,768800,0
BTL.MC,D,20060720,000000,18.35,18.43,18.25,18.31,889100,0
BTL.MC,D,20060721,000000,18.14,18.34,18.04,18.05,950600,0
BTL.MC,D,20060724,000000,18.11,18.24,18.05,18.14,2125300,0
BTL.MC,D,20060725,000000,18.20,18.92,18.20,18.65,2031700,0
BTL.MC,D,20060726,000000,18.70,19.08,18.70,18.96,1694900,0
BTL.MC,D,20060727,000000,18.98,19.45,18.91,19.34,1663800,0
BTL.MC,D,20060728,000000,19.26,19.39,19.02,19.38,1075600,0
BTL.MC,D,20060731,000000,19.30,19.38,18.94,19.04,801900,0
BTL.MC,D,20060801,000000,19.09,19.40,18.98,19.19,891200,0
BTL.MC,D,20060802,000000,19.35,19.50,19.20,19.45,888700,0
BTL.MC,D,20060803,000000,19.45,19.47,19.01,19.17,843400,0
BTL.MC,D,20060804,000000,19.20,19.32,19.12,19.27,901800,0
BTL.MC,D,20060807,000000,19.10,19.39,19.06,19.22,397900,0
BTL.MC,D,20060808,000000,19.30,19.40,19.12,19.27,710000,0
BTL.MC,D,20060809,000000,19.27,19.43,19.18,19.42,515100,0
BTL.MC,D,20060810,000000,19.20,19.34,19.02,19.32,303600,0
BTL.MC,D,20060811,000000,19.40,19.45,19.23,19.44,307300,0
BTL.MC,D,20060814,000000,19.50,20.04,19.50,19.88,880900,0
BTL.MC,D,20060815,000000,19.77,20.05,19.77,19.98,490100,0
BTL.MC,D,20060816,000000,20.00,20.28,19.95,20.20,592300,0
BTL.MC,D,20060817,000000,20.25,20.35,20.11,20.18,704900,0
BTL.MC,D,20060818,000000,20.20,20.26,19.81,20.15,662300,0
BTL.MC,D,20060821,000000,20.11,20.13,19.90,20.01,593500,0
BTL.MC,D,20060822,000000,20.05,20.12,19.92,20.08,671600,0
BTL.MC,D,20060823,000000,20.14,20.14,19.86,19.91,659700,0
BTL.MC,D,20060824,000000,19.86,19.96,19.73,19.79,729100,0
BTL.MC,D,20060825,000000,19.81,19.94,19.76,19.92,412600,0
BTL.MC,D,20060828,000000,19.87,19.99,19.60,19.92,303900,0
BTL.MC,D,20060829,000000,19.89,20.19,19.79,20.08,981300,0
BTL.MC,D,20060830,000000,20.14,20.32,20.00,20.28,763500,0
BTL.MC,D,20060831,000000,20.32,20.34,20.04,20.10,819100,0
BTL.MC,D,20060901,000000,20.12,20.25,20.05,20.17,354000,0
BTL.MC,D,20060904,000000,20.20,20.83,20.12,20.79,1074100,0
BTL.MC,D,20060905,000000,20.70,20.72,20.40,20.53,495200,0
BTL.MC,D,20060906,000000,20.50,20.64,20.31,20.38,857000,0
BTL.MC,D,20060907,000000,20.32,20.32,20.08,20.14,475900,0
BTL.MC,D,20060908,000000,20.21,20.53,20.14,20.45,655000,0
BTL.MC,D,20060911,000000,20.45,20.65,20.25,20.51,554100,0
BTL.MC,D,20060912,000000,20.50,20.95,20.36,20.84,830800,0
BTL.MC,D,20060913,000000,20.90,20.97,20.82,20.97,890600,0
BTL.MC,D,20060914,000000,20.98,20.98,20.81,20.92,921700,0
BTL.MC,D,20060915,000000,20.94,21.09,20.80,20.92,820300,0
BTL.MC,D,20060918,000000,20.92,21.14,20.79,20.88,1371100,0
BTL.MC,D,20060919,000000,20.90,20.92,20.25,20.32,994900,0
BTL.MC,D,20060920,000000,20.32,20.47,20.10,20.43,1844200,0
BTL.MC,D,20060921,000000,20.47,20.49,20.19,20.37,1358300,0
BTL.MC,D,20060922,000000,20.16,20.63,20.16,20.57,597500,0
BTL.MC,D,20060925,000000,20.58,20.64,20.43,20.53,360200,0
BTL.MC,D,20060926,000000,20.55,20.86,20.45,20.82,585700,0
BTL.MC,D,20060927,000000,20.74,20.80,20.34,20.59,877100,0
BTL.MC,D,20060928,000000,20.48,20.58,19.94,20.30,1272600,0
BTL.MC,D,20060929,000000,20.20,20.40,20.01,20.10,1733400,0
BTL.MC,D,20061002,000000,20.06,20.10,19.89,19.97,1077500,0
BTL.MC,D,20061003,000000,19.95,20.15,19.87,20.10,1543800,0
BTL.MC,D,20061004,000000,20.20,20.24,20.01,20.22,1430300,0
BTL.MC,D,20061005,000000,20.30,20.33,20.09,20.31,1479000,0
BTL.MC,D,20061006,000000,20.34,20.50,20.25,20.47,1499100,0
BTL.MC,D,20061009,000000,20.37,20.49,20.23,20.32,1004400,0
BTL.MC,D,20061011,000000,20.65,20.69,20.42,20.57,1216000,0
BTL.MC,D,20061012,000000,20.50,20.66,20.38,20.41,669500,0
BTL.MC,D,20061013,000000,20.45,20.51,20.05,20.39,916500,0
BTL.MC,D,20061016,000000,20.32,20.84,20.32,20.78,1737800,0
BTL.MC,D,20061017,000000,20.64,20.82,20.30,20.34,454700,0
BTL.MC,D,20061018,000000,20.35,20.78,20.24,20.70,894100,0
BTL.MC,D,20061019,000000,20.61,20.78,20.51,20.73,881100,0
BTL.MC,D,20061020,000000,20.75,20.81,20.54,20.74,559300,0
BTL.MC,D,20061023,000000,20.76,20.89,20.52,20.57,752500,0
BTL.MC,D,20061024,000000,20.80,21.08,20.43,20.99,2078200,0
BTL.MC,D,20061025,000000,21.00,21.28,20.91,21.00,1916900,0
BTL.MC,D,20061026,000000,20.90,21.00,20.60,20.75,1208900,0
BTL.MC,D,20061027,000000,20.74,20.84,20.58,20.75,729200,0
BTL.MC,D,20061030,000000,20.70,20.83,20.56,20.70,1125600,0
BTL.MC,D,20061031,000000,20.63,20.84,20.50,20.59,865200,0
BTL.MC,D,20061101,000000,20.72,20.79,20.47,20.55,2283100,0
BTL.MC,D,20061102,000000,20.48,20.60,20.28,20.40,1065000,0
BTL.MC,D,20061103,000000,20.47,20.75,20.35,20.69,735500,0
BTL.MC,D,20061106,000000,20.71,20.79,20.63,20.72,622400,0
BTL.MC,D,20061107,000000,20.74,20.79,20.60,20.67,891600,0
BTL.MC,D,20061108,000000,20.71,20.79,20.51,20.72,740400,0
BTL.MC,D,20061109,000000,20.80,20.84,20.41,20.47,897500,0
BTL.MC,D,20061110,000000,20.45,21.09,20.32,20.75,1177600,0
BTL.MC,D,20061113,000000,20.81,20.84,20.69,20.79,1143300,0
BTL.MC,D,20061114,000000,20.77,20.84,20.56,20.72,821900,0
BTL.MC,D,20061115,000000,20.79,21.12,20.75,21.05,1008000,0
BTL.MC,D,20061116,000000,20.90,21.59,20.90,21.43,1220800,0
BTL.MC,D,20061117,000000,21.43,21.59,21.01,21.10,897600,0
BTL.MC,D,20061120,000000,21.24,21.39,21.09,21.39,863600,0
BTL.MC,D,20061121,000000,21.40,21.65,21.40,21.61,1117500,0
BTL.MC,D,20061122,000000,21.66,21.82,21.48,21.66,1181000,0
BTL.MC,D,20061123,000000,21.63,21.95,21.55,21.90,1347600,0
BTL.MC,D,20061124,000000,21.89,21.89,21.25,21.52,1153500,0
BTL.MC,D,20061127,000000,21.32,21.74,21.00,21.00,1019500,0
BTL.MC,D,20061128,000000,21.00,21.24,20.70,20.81,705300,0
BTL.MC,D,20061129,000000,20.91,21.13,20.89,21.00,934200,0
BTL.MC,D,20061130,000000,21.05,21.40,21.01,21.26,1289100,0
BTL.MC,D,20061201,000000,21.29,21.48,20.69,21.01,893500,0
BTL.MC,D,20061204,000000,20.94,21.25,20.75,21.13,627100,0
BTL.MC,D,20061205,000000,21.12,21.70,21.06,21.58,874100,0
BTL.MC,D,20061206,000000,21.65,21.70,21.40,21.47,436900,0
BTL.MC,D,20061207,000000,21.45,21.88,21.45,21.58,706900,0
BTL.MC,D,20061208,000000,21.55,21.85,21.39,21.70,274000,0
BTL.MC,D,20061211,000000,21.70,21.86,21.63,21.81,475200,0
BTL.MC,D,20061212,000000,21.74,21.82,21.62,21.68,373500,0
BTL.MC,D,20061213,000000,21.72,22.00,21.72,21.90,692700,0
BTL.MC,D,20061214,000000,21.90,22.05,21.73,22.00,408600,0
BTL.MC,D,20061215,000000,22.00,22.05,21.86,21.96,576900,0
BTL.MC,D,20061218,000000,21.87,22.12,21.85,22.06,477100,0
BTL.MC,D,20061219,000000,22.05,22.05,21.53,21.73,786800,0
BTL.MC,D,20061220,000000,21.83,21.83,21.64,21.70,533900,0
BTL.MC,D,20061221,000000,21.67,21.75,21.35,21.67,598200,0
BTL.MC,D,20061222,000000,21.65,21.65,21.32,21.45,747400,0
BTL.MC,D,20061227,000000,21.15,21.75,21.15,21.75,546900,0
BTL.MC,D,20061228,000000,21.69,21.69,21.47,21.57,266200,0
BTL.MC,D,20061229,000000,21.50,21.60,21.18,21.58,462900,0
BTL.MC,D,20070102,000000,21.50,22.15,21.49,21.87,738900,0
BTL.MC,D,20070103,000000,21.85,22.02,21.67,22.00,469200,0
BTL.MC,D,20070104,000000,21.97,21.97,21.50,21.65,826400,0
BTL.MC,D,20070105,000000,21.50,21.82,21.26,21.31,956600,0
BTL.MC,D,20070108,000000,21.40,21.55,21.20,21.26,899000,0
BTL.MC,D,20070109,000000,21.48,21.50,21.06,21.37,1138900,0
BTL.MC,D,20070110,000000,21.30,21.42,21.11,21.29,745500,0
BTL.MC,D,20070111,000000,21.31,21.72,21.29,21.70,507000,0
BTL.MC,D,20070112,000000,21.57,21.80,21.52,21.73,482200,0
BTL.MC,D,20070115,000000,21.78,21.90,21.68,21.72,504800,0
BTL.MC,D,20070116,000000,21.71,21.78,21.50,21.61,587000,0
BTL.MC,D,20070117,000000,21.55,21.74,21.31,21.40,1061500,0
BTL.MC,D,20070118,000000,21.38,21.44,20.76,20.80,1971800,0
BTL.MC,D,20070119,000000,20.71,20.98,20.50,20.80,974500,0
BTL.MC,D,20070122,000000,20.86,20.92,20.55,20.56,960000,0
BTL.MC,D,20070123,000000,20.50,20.70,20.41,20.45,730900,0
BTL.MC,D,20070124,000000,20.50,20.97,20.40,20.82,1505500,0
BTL.MC,D,20070125,000000,20.82,21.06,20.62,20.95,775200,0
BTL.MC,D,20070126,000000,21.00,21.33,20.51,20.59,787500,0
BTL.MC,D,20070129,000000,20.62,20.70,20.52,20.62,565300,0
BTL.MC,D,20070130,000000,20.52,20.79,20.51,20.64,557800,0
BTL.MC,D,20070131,000000,20.78,20.88,20.55,20.78,1154700,0
BTL.MC,D,20070201,000000,20.85,20.94,20.35,20.41,2028900,0
BTL.MC,D,20070202,000000,20.47,20.63,20.21,20.33,1161500,0
BTL.MC,D,20070205,000000,20.37,20.42,19.96,20.15,1939600,0
BTL.MC,D,20070206,000000,20.15,20.38,20.15,20.34,1767000,0
BTL.MC,D,20070207,000000,20.42,20.70,20.21,20.69,1281400,0
BTL.MC,D,20070208,000000,20.73,20.85,20.47,20.84,1905000,0
BTL.MC,D,20070209,000000,20.85,21.20,20.60,20.72,1248200,0
BTL.MC,D,20070212,000000,20.70,21.00,20.57,20.82,820400,0
BTL.MC,D,20070213,000000,20.80,20.80,20.62,20.68,961300,0
BTL.MC,D,20070214,000000,20.70,20.82,20.65,20.70,7002400,0
BTL.MC,D,20070215,000000,20.70,20.97,20.66,20.84,1371900,0
BTL.MC,D,20070216,000000,20.93,20.98,20.70,20.77,1401500,0
BTL.MC,D,20070220,000000,21.01,21.01,20.78,20.89,1502100,0
BTL.MC,D,20070221,000000,20.99,21.02,20.60,20.64,1194800,0
BTL.MC,D,20070222,000000,20.78,20.85,20.42,20.46,904500,0
BTL.MC,D,20070223,000000,20.50,20.75,20.43,20.75,740100,0
BTL.MC,D,20070226,000000,20.89,21.24,20.79,21.24,1484400,0
BTL.MC,D,20070227,000000,21.24,21.24,20.82,20.91,1926700,0
BTL.MC,D,20070228,000000,20.50,21.10,20.10,21.01,1803900,0
BTL.MC,D,20070301,000000,20.83,21.15,19.91,20.60,1296600,0
BTL.MC,D,20070302,000000,20.45,20.80,20.26,20.44,1135400,0
BTL.MC,D,20070305,000000,19.90,20.29,19.75,20.06,1229600,0
BTL.MC,D,20070306,000000,20.09,20.29,19.90,20.19,1095900,0
BTL.MC,D,20070307,000000,20.33,20.74,20.14,20.40,1012400,0
BTL.MC,D,20070308,000000,20.52,20.80,20.38,20.80,863000,0
BTL.MC,D,20070309,000000,20.76,20.92,20.55,20.84,741900,0
BTL.MC,D,20070312,000000,20.93,21.10,20.60,20.78,513300,0
BTL.MC,D,20070313,000000,20.87,20.93,20.61,20.66,471800,0
BTL.MC,D,20070314,000000,20.38,20.75,20.17,20.40,1333200,0
BTL.MC,D,20070315,000000,20.52,20.98,20.10,20.98,963600,0
BTL.MC,D,20070316,000000,20.95,21.11,20.57,21.05,1345900,0
BTL.MC,D,20070319,000000,21.16,21.25,20.98,21.25,487000,0
BTL.MC,D,20070320,000000,21.23,21.40,20.82,21.35,1527600,0
BTL.MC,D,20070321,000000,21.38,21.40,21.16,21.27,1414500,0
BTL.MC,D,20070322,000000,21.59,21.70,21.30,21.60,1377000,0
BTL.MC,D,20070323,000000,21.64,21.80,21.43,21.80,1074200,0
BTL.MC,D,20070326,000000,21.86,22.00,21.75,21.90,894000,0
BTL.MC,D,20070327,000000,22.00,22.08,21.57,21.57,1657300,0
BTL.MC,D,20070328,000000,21.48,21.52,21.32,21.47,1142200,0
BTL.MC,D,20070329,000000,21.61,21.78,21.33,21.72,672700,0
BTL.MC,D,20070330,000000,21.66,21.73,21.45,21.63,1003700,0
BTL.MC,D,20070402,000000,21.60,21.97,21.51,21.96,626300,0
BTL.MC,D,20070403,000000,22.01,22.25,21.87,22.21,1997300,0
BTL.MC,D,20070404,000000,22.25,22.54,21.95,22.10,2345400,0
BTL.MC,D,20070405,000000,22.21,22.24,21.89,22.00,970900,0
BTL.MC,D,20070410,000000,22.00,22.70,22.00,22.66,1980300,0
BTL.MC,D,20070411,000000,22.67,22.93,22.45,22.75,1862400,0
BTL.MC,D,20070412,000000,22.80,22.80,22.38,22.60,2426600,0
BTL.MC,D,20070413,000000,22.60,22.85,22.57,22.80,688000,0
BTL.MC,D,20070416,000000,23.00,23.10,22.59,22.70,1731000,0
BTL.MC,D,20070417,000000,22.75,22.88,22.64,22.67,659900,0
BTL.MC,D,20070418,000000,22.68,22.78,22.33,22.50,1182100,0
BTL.MC,D,20070419,000000,22.32,22.47,22.06,22.43,903300,0
BTL.MC,D,20070420,000000,22.48,22.74,22.46,22.72,660500,0
BTL.MC,D,20070423,000000,22.81,23.04,22.75,23.01,2202500,0
BTL.MC,D,20070424,000000,22.97,22.97,21.76,22.31,1968200,0
BTL.MC,D,20070426,000000,22.44,22.50,22.04,22.13,2132300,0
BTL.MC,D,20070427,000000,22.26,22.31,21.76,21.90,1931900,0
BTL.MC,D,20070430,000000,22.10,22.55,22.03,22.24,2759700,0
BTL.MC,D,20070502,000000,22.60,22.80,22.25,22.50,1916800,0
BTL.MC,D,20070503,000000,21.26,21.27,20.10,20.80,3952600,0
BTL.MC,D,20070504,000000,21.40,21.40,20.91,21.35,3112200,0
BTL.MC,D,20070507,000000,21.08,21.32,20.98,21.24,1807300,0
BTL.MC,D,20070508,000000,21.25,21.55,20.41,20.47,6813600,0
BTL.MC,D,20070509,000000,20.61,20.96,20.27,20.82,3237500,0
BTL.MC,D,20070510,000000,20.81,21.09,20.60,20.69,1241700,0
BTL.MC,D,20070511,000000,20.80,20.80,20.29,20.64,2596900,0
BTL.MC,D,20070514,000000,20.75,21.00,20.57,20.82,3702100,0
BTL.MC,D,20070515,000000,20.83,21.26,20.78,21.07,3220100,0
BTL.MC,D,20070516,000000,20.73,21.48,20.73,21.39,3803400,0
BTL.MC,D,20070517,000000,21.55,21.60,21.16,21.22,1579100,0
BTL.MC,D,20070518,000000,21.31,21.65,21.26,21.53,5783400,0
BTL.MC,D,20070521,000000,21.53,21.72,20.75,21.40,2531300,0
BTL.MC,D,20070522,000000,21.40,21.64,21.27,21.53,1588700,0
BTL.MC,D,20070523,000000,21.48,21.81,21.34,21.75,2963000,0
BTL.MC,D,20070524,000000,21.73,21.75,21.46,21.58,2222900,0
BTL.MC,D,20070525,000000,21.40,21.65,21.23,21.54,1809300,0
BTL.MC,D,20070528,000000,21.60,21.66,21.25,21.53,462400,0
BTL.MC,D,20070529,000000,21.69,21.69,21.46,21.66,1533800,0
BTL.MC,D,20070530,000000,21.60,21.64,21.22,21.57,1757200,0
BTL.MC,D,20070531,000000,21.70,21.98,21.45,21.90,6249800,0
BTL.MC,D,20070604,000000,21.56,22.13,21.56,22.13,2658800,0
BTL.MC,D,20070605,000000,22.00,22.21,21.95,22.15,2368400,0
BTL.MC,D,20070606,000000,22.10,22.14,21.57,21.61,2078900,0
BTL.MC,D,20070607,000000,21.61,21.70,21.00,21.27,1832600,0
BTL.MC,D,20070608,000000,21.03,21.72,21.03,21.51,1997400,0
BTL.MC,D,20070611,000000,21.40,21.70,21.12,21.22,2073200,0
BTL.MC,D,20070612,000000,21.24,21.29,20.91,21.12,2211700,0
BTL.MC,D,20070613,000000,21.07,21.24,20.91,21.01,2456200,0
BTL.MC,D,20070614,000000,21.09,21.45,21.09,21.40,2787200,0
BTL.MC,D,20070615,000000,21.48,21.71,21.34,21.63,2391300,0
BTL.MC,D,20070618,000000,21.60,21.84,21.21,21.57,2591300,0
BTL.MC,D,20070619,000000,21.47,21.54,21.10,21.16,1234400,0
BTL.MC,D,20070620,000000,21.29,21.49,20.96,21.03,1177100,0
BTL.MC,D,20070621,000000,20.82,20.94,20.67,20.76,958200,0
BTL.MC,D,20070622,000000,20.64,20.90,20.42,20.48,966200,0
BTL.MC,D,20070625,000000,20.32,20.66,20.27,20.53,1361600,0
BTL.MC,D,20070626,000000,20.34,20.67,20.26,20.42,992900,0
BTL.MC,D,20070627,000000,20.53,20.89,20.30,20.48,1064300,0
BTL.MC,D,20070628,000000,21.14,21.14,20.68,20.77,976200,0
BTL.MC,D,20070629,000000,20.92,21.10,20.58,21.04,1673100,0
BTL.MC,D,20070702,000000,20.97,21.13,20.72,20.89,742700,0
BTL.MC,D,20070703,000000,21.01,21.01,20.56,20.66,847800,0
BTL.MC,D,20070704,000000,20.67,21.15,20.67,20.79,1880500,0
BTL.MC,D,20070705,000000,20.79,20.88,20.53,20.65,862800,0
BTL.MC,D,20070706,000000,20.67,21.00,20.60,20.97,1491200,0
BTL.MC,D,20070709,000000,20.98,21.09,20.80,20.88,1207900,0
BTL.MC,D,20070710,000000,20.95,21.15,20.50,20.88,1251700,0
BTL.MC,D,20070711,000000,20.61,20.71,20.42,20.65,1016900,0
BTL.MC,D,20070712,000000,20.64,20.80,20.50,20.70,1654600,0
BTL.MC,D,20070713,000000,20.84,21.00,20.65,20.94,776400,0
BTL.MC,D,20070716,000000,20.91,21.15,20.70,21.05,954000,0
BTL.MC,D,20070717,000000,20.96,21.10,20.83,21.01,992900,0
BTL.MC,D,20070718,000000,20.93,21.13,20.83,20.90,897800,0
BTL.MC,D,20070719,000000,20.97,21.26,20.86,20.95,703300,0
BTL.MC,D,20070720,000000,20.97,21.09,20.75,20.85,947400,0
BTL.MC,D,20070723,000000,20.78,20.97,20.64,20.90,581300,0
BTL.MC,D,20070724,000000,20.91,20.98,20.71,20.83,1399500,0
BTL.MC,D,20070725,000000,20.61,20.95,20.55,20.85,1085900,0
BTL.MC,D,20070726,000000,20.96,21.05,20.15,20.15,1842100,0
BTL.MC,D,20070727,000000,20.01,20.38,19.75,20.00,1850200,0
BTL.MC,D,20070730,000000,19.75,20.13,19.26,19.71,1702500,0
BTL.MC,D,20070731,000000,19.84,20.20,19.81,20.12,1702400,0
BTL.MC,D,20070801,000000,19.83,20.03,19.60,19.89,1332000,0
BTL.MC,D,20070802,000000,19.96,20.10,19.82,19.90,1257400,0
BTL.MC,D,20070803,000000,19.96,20.03,19.73,19.94,1153600,0
BTL.MC,D,20070806,000000,19.66,20.05,19.64,19.68,1077600,0
BTL.MC,D,20070807,000000,19.85,20.03,19.70,19.81,905700,0
BTL.MC,D,20070808,000000,19.90,20.38,19.78,20.10,1239700,0
BTL.MC,D,20070809,000000,20.06,20.25,19.51,19.89,1669600,0
BTL.MC,D,20070810,000000,19.57,19.80,18.95,19.06,2006100,0
BTL.MC,D,20070813,000000,18.90,19.66,18.90,19.57,1275300,0
BTL.MC,D,20070815,000000,19.24,19.50,19.05,19.16,595400,0
BTL.MC,D,20070816,000000,18.88,19.27,18.78,18.86,1544000,0
BTL.MC,D,20070817,000000,18.68,19.26,18.53,18.87,1430500,0
BTL.MC,D,20070820,000000,18.95,19.13,18.64,19.01,1361900,0
BTL.MC,D,20070821,000000,18.99,19.10,18.59,19.00,1555000,0
BTL.MC,D,20070822,000000,19.00,19.59,18.84,19.46,1393700,0
BTL.MC,D,20070823,000000,19.48,19.58,19.35,19.41,879100,0
BTL.MC,D,20070824,000000,19.09,19.28,19.00,19.18,880100,0
BTL.MC,D,20070827,000000,19.21,19.49,19.16,19.39,413900,0
BTL.MC,D,20070828,000000,19.37,19.37,18.91,18.95,667100,0
BTL.MC,D,20070829,000000,18.87,19.49,18.87,19.27,1142600,0
BTL.MC,D,20070830,000000,19.45,19.45,18.80,19.10,938700,0
BTL.MC,D,20070831,000000,19.27,19.59,19.15,19.50,1969000,0
BTL.MC,D,20070903,000000,19.60,19.60,19.30,19.36,705800,0
BTL.MC,D,20070904,000000,19.34,19.38,19.12,19.35,883000,0
BTL.MC,D,20070905,000000,19.35,19.39,18.71,18.74,938800,0
BTL.MC,D,20070906,000000,18.78,19.06,18.50,18.82,1755200,0
BTL.MC,D,20070907,000000,18.79,18.92,18.42,18.48,623300,0
BTL.MC,D,20070910,000000,18.50,18.69,18.18,18.22,1027100,0
BTL.MC,D,20070911,000000,18.29,18.54,18.16,18.48,572800,0
BTL.MC,D,20070912,000000,18.54,18.72,18.21,18.63,1026000,0
BTL.MC,D,20070913,000000,18.57,18.65,18.10,18.40,1198800,0
BTL.MC,D,20070914,000000,18.28,18.45,17.95,18.14,698600,0
BTL.MC,D,20070917,000000,18.02,18.14,17.59,17.66,1442600,0
BTL.MC,D,20070918,000000,17.44,18.42,17.42,18.23,1874600,0
BTL.MC,D,20070919,000000,19.40,19.40,18.60,19.15,1739400,0
BTL.MC,D,20070920,000000,19.09,19.09,18.65,18.75,1046700,0
BTL.MC,D,20070921,000000,18.76,19.01,18.65,18.83,1100200,0
BTL.MC,D,20070924,000000,18.78,18.89,18.66,18.73,834800,0
BTL.MC,D,20070925,000000,18.73,18.93,18.23,18.48,1051600,0
BTL.MC,D,20070926,000000,18.52,18.91,18.52,18.88,1317500,0
BTL.MC,D,20070927,000000,18.95,19.10,18.68,18.72,1171100,0
BTL.MC,D,20070928,000000,18.68,18.78,18.11,18.41,2588900,0
BTL.MC,D,20071001,000000,18.39,18.69,18.24,18.57,2217800,0
BTL.MC,D,20071002,000000,18.63,18.93,18.62,18.85,1869800,0
BTL.MC,D,20071003,000000,18.85,19.05,18.74,18.98,1368900,0
BTL.MC,D,20071004,000000,18.96,19.00,18.63,18.85,1035700,0
BTL.MC,D,20071005,000000,18.86,19.01,18.76,18.86,864500,0
BTL.MC,D,20071008,000000,18.86,18.92,18.59,18.88,1529500,0
BTL.MC,D,20071009,000000,18.86,18.99,18.65,18.73,1254700,0
BTL.MC,D,20071010,000000,18.69,19.14,18.63,19.10,1149100,0
BTL.MC,D,20071011,000000,19.09,19.20,18.66,18.77,1264400,0
BTL.MC,D,20071012,000000,18.64,18.84,18.54,18.81,748300,0
BTL.MC,D,20071015,000000,18.71,18.82,18.04,18.10,1506300,0
BTL.MC,D,20071016,000000,18.03,18.29,17.88,18.19,1402200,0
BTL.MC,D,20071017,000000,18.14,18.69,18.08,18.61,1541700,0
BTL.MC,D,20071018,000000,18.62,18.89,18.42,18.50,1850100,0
BTL.MC,D,20071019,000000,18.47,18.69,18.24,18.30,1083800,0
BTL.MC,D,20071022,000000,18.04,18.24,17.82,18.05,1172400,0
BTL.MC,D,20071023,000000,18.24,18.73,18.03,18.64,2358300,0
BTL.MC,D,20071024,000000,19.05,19.64,18.91,19.14,4335600,0
BTL.MC,D,20071025,000000,19.52,19.97,19.20,19.55,2099300,0
BTL.MC,D,20071026,000000,19.71,19.75,19.32,19.62,1447300,0
BTL.MC,D,20071029,000000,19.75,19.84,19.35,19.46,936400,0
BTL.MC,D,20071030,000000,19.45,19.66,19.37,19.55,923500,0
BTL.MC,D,20071031,000000,19.55,19.86,19.40,19.85,1578300,0
BTL.MC,D,20071101,000000,19.75,19.85,19.01,19.22,1401600,0
BTL.MC,D,20071102,000000,18.99,19.38,18.70,19.19,1106500,0
BTL.MC,D,20071105,000000,19.01,19.29,19.01,19.08,607000,0
BTL.MC,D,20071106,000000,19.16,19.23,18.86,18.96,1131800,0
BTL.MC,D,20071107,000000,18.99,19.08,18.53,18.79,1538500,0
BTL.MC,D,20071108,000000,18.65,18.89,18.55,18.86,1745100,0
BTL.MC,D,20071109,000000,18.95,18.95,18.30,18.40,1250400,0
BTL.MC,D,20071112,000000,18.29,18.52,18.15,18.30,863800,0
BTL.MC,D,20071113,000000,18.18,18.70,18.17,18.65,1042900,0
BTL.MC,D,20071114,000000,18.73,18.84,18.36,18.38,1576800,0
BTL.MC,D,20071115,000000,18.41,18.55,18.21,18.32,1555900,0
BTL.MC,D,20071116,000000,18.17,18.47,18.17,18.24,1243700,0
BTL.MC,D,20071119,000000,18.23,18.56,17.67,17.75,1326400,0
BTL.MC,D,20071120,000000,17.75,18.23,17.64,18.13,1298900,0
BTL.MC,D,20071121,000000,17.89,18.08,17.55,17.83,1607300,0
BTL.MC,D,20071122,000000,17.87,17.96,17.55,17.64,942100,0
BTL.MC,D,20071123,000000,17.69,17.93,17.55,17.88,892900,0
BTL.MC,D,20071126,000000,18.08,18.23,17.63,17.64,1159400,0
BTL.MC,D,20071127,000000,17.59,17.88,17.44,17.75,2031700,0
BTL.MC,D,20071128,000000,17.89,18.20,17.52,18.20,1605300,0
BTL.MC,D,20071129,000000,18.34,18.35,18.05,18.23,1228400,0
BTL.MC,D,20071130,000000,18.30,18.59,18.09,18.47,1831500,0
BTL.MC,D,20071203,000000,18.45,18.61,17.84,17.87,1326000,0
BTL.MC,D,20071204,000000,17.78,17.91,17.41,17.73,2844800,0
BTL.MC,D,20071205,000000,17.90,18.16,17.78,17.99,1764800,0
BTL.MC,D,20071206,000000,18.12,18.61,17.90,18.22,1765800,0
BTL.MC,D,20071207,000000,18.33,19.02,18.21,18.98,1793600,0
BTL.MC,D,20071210,000000,18.83,19.02,18.55,18.76,1515000,0
BTL.MC,D,20071211,000000,18.76,18.90,18.41,18.50,2321900,0
BTL.MC,D,20071212,000000,18.32,18.40,18.16,18.20,1747500,0
BTL.MC,D,20071213,000000,18.05,18.20,17.82,18.09,1023400,0
BTL.MC,D,20071214,000000,18.00,18.31,18.00,18.11,971200,0
BTL.MC,D,20071217,000000,17.99,18.09,17.74,18.00,869700,0
BTL.MC,D,20071218,000000,17.96,18.29,17.88,17.99,943800,0
BTL.MC,D,20071219,000000,18.30,18.30,17.96,18.03,1397800,0
BTL.MC,D,20071220,000000,18.13,18.15,17.84,17.87,731400,0
BTL.MC,D,20071221,000000,18.16,18.16,17.66,17.71,1206000,0
BTL.MC,D,20071227,000000,17.70,17.73,17.40,17.64,1010600,0
BTL.MC,D,20071228,000000,17.56,17.59,17.13,17.51,611500,0
BTL.MC,D,20080102,000000,17.41,17.72,17.27,17.53,921900,0
BTL.MC,D,20080103,000000,17.45,17.61,17.13,17.46,1324100,0
BTL.MC,D,20080104,000000,17.50,17.56,16.90,17.02,1829600,0
BTL.MC,D,20080107,000000,17.01,17.22,16.67,16.96,1545300,0
BTL.MC,D,20080108,000000,16.67,17.09,16.61,16.68,2953200,0
BTL.MC,D,20080109,000000,16.56,16.64,15.96,16.10,2717500,0
BTL.MC,D,20080110,000000,16.20,16.37,15.75,15.85,1885800,0
BTL.MC,D,20080111,000000,15.85,15.95,15.36,15.44,1691400,0
BTL.MC,D,20080114,000000,15.50,15.75,15.42,15.58,1252500,0
BTL.MC,D,20080115,000000,15.56,15.76,15.02,15.02,3279900,0
BTL.MC,D,20080116,000000,14.94,15.24,14.62,15.05,1338400,0
BTL.MC,D,20080117,000000,15.21,16.30,14.86,15.02,2713700,0
BTL.MC,D,20080118,000000,15.06,15.32,14.96,15.00,2290600,0
BTL.MC,D,20080121,000000,14.92,14.95,14.36,14.53,1921600,0
BTL.MC,D,20080122,000000,14.00,15.10,13.75,14.85,2043600,0
BTL.MC,D,20080123,000000,15.17,15.17,14.16,14.49,1614200,0
BTL.MC,D,20080124,000000,14.97,14.99,14.44,14.65,1752100,0
BTL.MC,D,20080125,000000,14.86,15.41,14.79,15.27,2086000,0
BTL.MC,D,20080128,000000,14.98,15.09,14.75,15.01,2015400,0
BTL.MC,D,20080129,000000,15.06,15.09,14.61,14.77,2837000,0
BTL.MC,D,20080130,000000,14.72,14.79,14.30,14.41,1831000,0
BTL.MC,D,20080131,000000,14.46,14.61,14.00,14.39,2364400,0
BTL.MC,D,20080201,000000,14.61,14.93,14.41,14.64,2418900,0
BTL.MC,D,20080204,000000,14.76,15.12,14.56,15.11,1379900,0
BTL.MC,D,20080205,000000,15.10,15.10,14.10,14.14,1862800,0
BTL.MC,D,20080206,000000,14.08,14.48,14.08,14.38,1394600,0
BTL.MC,D,20080207,000000,14.31,14.33,14.06,14.20,1807500,0
BTL.MC,D,20080208,000000,14.28,14.38,13.90,13.98,1545700,0
BTL.MC,D,20080211,000000,13.91,14.01,13.60,13.72,938000,0
BTL.MC,D,20080212,000000,13.86,14.05,13.55,14.01,1577100,0
BTL.MC,D,20080213,000000,13.99,14.28,13.73,14.18,1015200,0
BTL.MC,D,20080214,000000,14.38,14.45,14.07,14.11,1034600,0
BTL.MC,D,20080215,000000,14.03,14.15,13.71,13.87,918000,0
BTL.MC,D,20080218,000000,14.09,14.37,13.99,14.32,772000,0
BTL.MC,D,20080219,000000,14.22,14.86,14.03,14.61,2212700,0
BTL.MC,D,20080220,000000,14.42,14.72,14.27,14.46,1970700,0
BTL.MC,D,20080221,000000,14.71,14.75,14.54,14.62,1574200,0
BTL.MC,D,20080222,000000,14.50,14.61,14.28,14.36,998800,0
BTL.MC,D,20080225,000000,14.54,14.72,14.40,14.71,1524200,0
BTL.MC,D,20080226,000000,14.77,14.91,14.57,14.76,1295100,0
BTL.MC,D,20080227,000000,14.73,14.78,14.29,14.44,1640700,0
BTL.MC,D,20080228,000000,14.56,14.56,14.18,14.22,903100,0
BTL.MC,D,20080229,000000,14.18,14.26,13.98,14.14,1339100,0
BTL.MC,D,20080303,000000,14.02,14.15,13.80,13.98,1488100,0
BTL.MC,D,20080304,000000,14.01,14.16,13.60,13.69,1023400,0
BTL.MC,D,20080305,000000,13.81,14.23,13.76,14.16,890000,0
BTL.MC,D,20080306,000000,14.10,14.10,13.53,13.56,1665000,0
BTL.MC,D,20080307,000000,13.42,13.55,13.24,13.37,1091800,0
BTL.MC,D,20080310,000000,13.25,13.53,13.16,13.26,1672500,0
BTL.MC,D,20080311,000000,13.27,13.55,13.13,13.20,2028700,0
BTL.MC,D,20080312,000000,13.40,13.50,13.21,13.37,1503800,0
BTL.MC,D,20080313,000000,13.17,13.47,13.01,13.47,1499600,0
BTL.MC,D,20080314,000000,13.51,13.85,13.30,13.51,1086700,0
BTL.MC,D,20080318,000000,13.26,13.40,13.16,13.28,2254400,0
BTL.MC,D,20080319,000000,13.39,13.40,12.70,12.91,1943300,0
BTL.MC,D,20080320,000000,12.75,13.10,12.75,13.00,1237900,0
BTL.MC,D,20080325,000000,13.39,13.39,13.07,13.26,1112600,0
BTL.MC,D,20080326,000000,13.22,13.29,13.04,13.15,905200,0
BTL.MC,D,20080327,000000,13.11,13.34,13.07,13.16,1539700,0
BTL.MC,D,20080328,000000,13.22,13.22,13.05,13.10,1191500,0
BTL.MC,D,20080331,000000,13.08,13.15,12.83,12.89,1869700,0
BTL.MC,D,20080401,000000,12.86,13.12,12.82,13.11,2234000,0
BTL.MC,D,20080402,000000,13.19,14.09,13.00,14.05,3810300,0
BTL.MC,D,20080403,000000,14.01,14.28,13.70,13.82,2300500,0
BTL.MC,D,20080404,000000,13.90,14.13,13.78,13.98,1593800,0
BTL.MC,D,20080407,000000,14.16,14.25,14.03,14.14,1178200,0
BTL.MC,D,20080408,000000,14.18,14.52,14.00,14.41,1773900,0
BTL.MC,D,20080409,000000,14.43,14.43,13.90,13.93,2366900,0
BTL.MC,D,20080410,000000,13.90,13.90,13.40,13.58,1977000,0
BTL.MC,D,20080411,000000,13.64,13.75,13.32,13.39,1560600,0
BTL.MC,D,20080414,000000,13.36,13.49,13.20,13.26,1982500,0
BTL.MC,D,20080415,000000,13.38,13.44,13.30,13.32,1493400,0
BTL.MC,D,20080416,000000,13.42,13.95,13.40,13.84,1787100,0
BTL.MC,D,20080417,000000,13.89,13.89,13.49,13.65,1912600,0
BTL.MC,D,20080418,000000,13.75,13.96,13.61,13.92,1126700,0
BTL.MC,D,20080421,000000,13.96,13.96,13.54,13.60,2023300,0
BTL.MC,D,20080422,000000,13.77,13.77,13.41,13.45,1349400,0
BTL.MC,D,20080423,000000,13.46,13.56,13.26,13.50,1739300,0
BTL.MC,D,20080424,000000,13.50,13.60,13.15,13.28,2386800,0
BTL.MC,D,20080425,000000,13.33,13.54,13.20,13.26,2271500,0
BTL.MC,D,20080428,000000,13.35,13.44,13.25,13.31,1599900,0
BTL.MC,D,20080429,000000,13.31,13.33,12.96,13.05,2477900,0
BTL.MC,D,20080430,000000,13.06,13.52,13.00,13.49,2694500,0
BTL.MC,D,20080502,000000,13.74,13.95,13.61,13.80,2451400,0
BTL.MC,D,20080505,000000,14.04,14.34,13.93,14.30,3904900,0
BTL.MC,D,20080506,000000,14.33,14.34,13.87,13.95,5930600,0
BTL.MC,D,20080507,000000,12.65,12.65,12.21,12.23,4316200,0
BTL.MC,D,20080508,000000,12.18,12.18,11.81,11.85,3366700,0
BTL.MC,D,20080509,000000,11.78,11.90,11.65,11.80,2885900,0
BTL.MC,D,20080512,000000,11.81,11.85,11.54,11.58,1680200,0
BTL.MC,D,20080513,000000,11.62,11.75,11.40,11.60,1960500,0
BTL.MC,D,20080514,000000,11.64,11.77,11.61,11.70,2330100,0
BTL.MC,D,20080515,000000,11.63,11.63,11.33,11.42,1786000,0
BTL.MC,D,20080516,000000,11.47,11.57,11.32,11.36,1557400,0
BTL.MC,D,20080519,000000,11.35,11.39,10.81,11.04,2820200,0
BTL.MC,D,20080520,000000,10.96,10.97,10.69,10.79,1821900,0
BTL.MC,D,20080521,000000,10.78,10.90,10.61,10.65,1820500,0
BTL.MC,D,20080522,000000,10.54,10.70,10.51,10.62,1267100,0
BTL.MC,D,20080523,000000,10.64,10.81,10.62,10.63,2142600,0
BTL.MC,D,20080526,000000,10.68,10.68,10.55,10.64,848300,0
BTL.MC,D,20080527,000000,10.62,10.66,10.17,10.20,2314600,0
BTL.MC,D,20080528,000000,10.22,10.37,10.06,10.19,1854900,0
BTL.MC,D,20080529,000000,10.22,10.30,10.14,10.18,1454100,0
BTL.MC,D,20080530,000000,10.15,10.23,9.96,10.00,2060000,0
BTL.MC,D,20080602,000000,9.99,9.99,9.75,9.77,1956500,0
BTL.MC,D,20080603,000000,9.68,10.46,9.68,10.17,4425600,0
BTL.MC,D,20080604,000000,10.12,10.14,9.86,9.96,1787300,0
BTL.MC,D,20080605,000000,9.99,10.05,9.80,9.81,1309100,0
BTL.MC,D,20080606,000000,9.84,9.95,9.44,9.45,1569600,0
BTL.MC,D,20080610,000000,9.05,9.19,8.74,9.03,3874100,0
BTL.MC,D,20080611,000000,9.00,9.08,8.52,8.69,4677100,0
BTL.MC,D,20080612,000000,8.64,8.87,8.55,8.77,3176400,0
BTL.MC,D,20080613,000000,8.72,9.04,8.62,8.97,3984100,0
BTL.MC,D,20080616,000000,9.05,9.05,8.78,8.90,1366900,0
BTL.MC,D,20080617,000000,8.92,9.35,8.81,8.90,3149500,0
BTL.MC,D,20080618,000000,8.85,8.86,8.57,8.58,2853700,0
BTL.MC,D,20080619,000000,8.55,8.57,8.30,8.32,2465100,0
BTL.MC,D,20080620,000000,8.36,8.42,8.03,8.12,2341700,0
BTL.MC,D,20080623,000000,8.11,8.24,8.05,8.17,1529000,0
BTL.MC,D,20080624,000000,8.13,8.16,7.69,7.76,3486500,0
BTL.MC,D,20080625,000000,7.80,8.27,7.70,8.25,4072000,0
BTL.MC,D,20080626,000000,8.15,8.21,8.03,8.14,3225100,0
BTL.MC,D,20080627,000000,8.01,8.09,7.84,7.93,2080300,0
BTL.MC,D,20080630,000000,7.99,8.14,7.80,8.12,2534800,0
BTL.MC,D,20080701,000000,8.07,8.10,7.49,7.57,4025200,0
BTL.MC,D,20080702,000000,7.57,7.66,7.25,7.56,2738100,0
BTL.MC,D,20080703,000000,7.42,7.95,7.30,7.94,2797400,0
BTL.MC,D,20080704,000000,7.97,7.97,7.72,7.84,1379800,0
BTL.MC,D,20080707,000000,7.96,8.19,7.93,8.15,2045600,0
BTL.MC,D,20080708,000000,7.94,8.09,7.86,7.94,1799300,0
BTL.MC,D,20080709,000000,8.02,8.14,7.97,8.07,975700,0
BTL.MC,D,20080710,000000,7.90,8.03,7.86,7.90,1200300,0
BTL.MC,D,20080711,000000,7.93,8.08,7.72,7.73,1918800,0
BTL.MC,D,20080714,000000,7.80,7.90,7.59,7.62,1803900,0
BTL.MC,D,20080715,000000,7.52,7.69,7.27,7.58,1490000,0
BTL.MC,D,20080716,000000,7.59,7.88,7.38,7.83,1485500,0
BTL.MC,D,20080717,000000,7.96,8.75,7.95,8.55,3387600,0
BTL.MC,D,20080718,000000,8.55,9.19,8.26,9.14,2186900,0
BTL.MC,D,20080721,000000,9.10,9.16,8.70,9.06,2067200,0
BTL.MC,D,20080722,000000,8.97,8.97,8.52,8.71,2028500,0
BTL.MC,D,20080723,000000,8.85,9.29,8.77,9.04,1307400,0
BTL.MC,D,20080724,000000,9.02,9.02,8.69,8.75,1664700,0
BTL.MC,D,20080725,000000,8.64,8.66,8.35,8.56,1913100,0
BTL.MC,D,20080728,000000,8.56,8.62,8.37,8.44,609500,0
BTL.MC,D,20080729,000000,8.17,8.54,8.17,8.52,1023100,0
BTL.MC,D,20080730,000000,8.61,8.69,8.39,8.45,1297000,0
BTL.MC,D,20080731,000000,8.17,8.85,8.14,8.69,1926600,0
BTL.MC,D,20080801,000000,8.55,8.69,8.42,8.52,1297200,0
BTL.MC,D,20080804,000000,8.45,8.71,8.45,8.61,745700,0
BTL.MC,D,20080805,000000,8.63,9.00,8.63,8.93,1695700,0
BTL.MC,D,20080806,000000,9.04,9.04,8.76,8.96,1205500,0
BTL.MC,D,20080807,000000,8.89,9.19,8.75,8.80,1659500,0
BTL.MC,D,20080808,000000,8.71,8.95,8.70,8.86,1501200,0
BTL.MC,D,20080811,000000,8.92,9.14,8.91,9.11,900600,0
BTL.MC,D,20080812,000000,9.14,9.47,8.96,9.40,1994300,0
BTL.MC,D,20080813,000000,9.27,9.38,8.96,9.00,1113500,0
BTL.MC,D,20080814,000000,9.00,9.15,8.90,9.05,1690800,0
BTL.MC,D,20080815,000000,9.12,9.18,8.92,9.17,987300,0
BTL.MC,D,20080818,000000,9.14,9.19,8.97,9.02,621500,0
BTL.MC,D,20080819,000000,8.90,9.00,8.67,8.67,555000,0
BTL.MC,D,20080820,000000,8.73,8.80,8.55,8.66,593700,0
BTL.MC,D,20080821,000000,8.65,8.78,8.41,8.59,648700,0
BTL.MC,D,20080822,000000,8.60,8.85,8.51,8.80,594400,0
BTL.MC,D,20080825,000000,8.80,8.80,8.64,8.65,292900,0
BTL.MC,D,20080826,000000,8.58,8.82,8.52,8.75,1895600,0
BTL.MC,D,20080827,000000,8.75,8.83,8.65,8.74,553300,0
BTL.MC,D,20080828,000000,8.74,8.90,8.69,8.88,401500,0
BTL.MC,D,20080829,000000,8.83,8.90,8.73,8.80,975100,0
BTL.MC,D,20080901,000000,8.70,8.84,8.58,8.81,757700,0
BTL.MC,D,20080902,000000,8.75,9.07,8.75,9.04,1682200,0
BTL.MC,D,20080903,000000,8.98,9.03,8.86,8.86,865800,0
BTL.MC,D,20080904,000000,8.85,8.91,8.59,8.63,564800,0
BTL.MC,D,20080905,000000,8.56,8.56,8.20,8.22,946100,0
BTL.MC,D,20080908,000000,8.48,8.57,8.36,8.43,440000,0
BTL.MC,D,20080909,000000,8.43,8.45,8.21,8.23,689300,0
BTL.MC,D,20080910,000000,8.19,8.27,8.00,8.15,847800,0
BTL.MC,D,20080911,000000,8.12,8.23,7.92,8.15,1450400,0
BTL.MC,D,20080912,000000,8.28,8.30,8.03,8.13,669500,0
BTL.MC,D,20080915,000000,7.80,8.09,7.60,7.94,1260200,0
BTL.MC,D,20080916,000000,7.95,8.07,7.83,8.05,2564000,0
BTL.MC,D,20080917,000000,8.12,8.28,7.78,7.83,1654300,0
BTL.MC,D,20080918,000000,7.70,7.95,7.63,7.77,2238700,0
BTL.MC,D,20080919,000000,8.00,8.56,7.85,8.56,3628000,0
BTL.MC,D,20080922,000000,8.60,8.67,8.14,8.15,1444300,0
BTL.MC,D,20080923,000000,8.11,8.35,7.92,7.97,1142800,0
BTL.MC,D,20080924,000000,8.01,8.08,7.80,7.90,2312500,0
BTL.MC,D,20080925,000000,7.87,8.11,7.80,8.00,1068100,0
BTL.MC,D,20080926,000000,7.91,8.00,7.66,7.69,1739900,0
BTL.MC,D,20080929,000000,7.73,7.73,7.29,7.42,1798200,0
BTL.MC,D,20080930,000000,7.12,7.55,7.12,7.18,2182100,0
BTL.MC,D,20081001,000000,7.30,7.30,7.14,7.19,883700,0
BTL.MC,D,20081002,000000,7.15,7.29,7.03,7.05,1457900,0
BTL.MC,D,20081003,000000,7.05,7.28,7.05,7.21,1414800,0
BTL.MC,D,20081006,000000,7.06,7.08,6.78,6.80,1596700,0
BTL.MC,D,20081007,000000,6.91,7.04,6.52,6.53,1564200,0
BTL.MC,D,20081008,000000,6.30,6.77,6.11,6.35,2186900,0
BTL.MC,D,20081009,000000,6.41,6.56,6.14,6.18,1224200,0
BTL.MC,D,20081010,000000,5.75,6.12,5.54,5.76,2062300,0
BTL.MC,D,20081013,000000,6.16,6.49,6.01,6.40,1084100,0
BTL.MC,D,20081014,000000,6.50,6.58,6.14,6.23,1565400,0
BTL.MC,D,20081015,000000,6.25,6.35,5.94,6.00,801900,0
BTL.MC,D,20081016,000000,5.80,6.03,5.63,5.77,1171700,0
BTL.MC,D,20081017,000000,6.11,6.24,5.87,6.10,1280600,0
BTL.MC,D,20081020,000000,6.25,6.34,6.13,6.29,841500,0
BTL.MC,D,20081021,000000,6.35,6.53,6.29,6.47,919500,0
BTL.MC,D,20081022,000000,6.43,6.43,6.10,6.31,1157100,0
BTL.MC,D,20081023,000000,6.39,6.50,6.00,6.50,959700,0
BTL.MC,D,20081024,000000,6.34,6.39,6.02,6.17,1103200,0
BTL.MC,D,20081027,000000,6.00,6.15,5.92,6.09,1167500,0
BTL.MC,D,20081028,000000,6.20,6.35,6.00,6.06,1302100,0
BTL.MC,D,20081029,000000,6.45,6.45,6.22,6.27,789100,0
BTL.MC,D,20081030,000000,6.43,6.55,6.10,6.28,1040500,0
BTL.MC,D,20081031,000000,6.32,6.32,6.11,6.26,1197200,0
BTL.MC,D,20081103,000000,6.32,6.34,6.14,6.22,1015200,0
BTL.MC,D,20081104,000000,6.30,6.59,6.23,6.59,1156800,0
BTL.MC,D,20081105,000000,6.60,6.65,6.32,6.53,1120000,0
BTL.MC,D,20081106,000000,6.32,6.42,6.19,6.25,889100,0
BTL.MC,D,20081107,000000,6.31,6.44,6.15,6.42,620600,0
BTL.MC,D,20081110,000000,6.55,6.59,6.32,6.33,495200,0
BTL.MC,D,20081111,000000,6.21,6.30,6.05,6.11,579400,0
BTL.MC,D,20081112,000000,6.23,6.26,6.00,6.06,459300,0
BTL.MC,D,20081113,000000,6.05,6.23,5.95,6.09,683800,0
BTL.MC,D,20081114,000000,6.27,6.34,6.13,6.16,709400,0
BTL.MC,D,20081117,000000,6.18,6.39,6.00,6.06,596500,0
BTL.MC,D,20081118,000000,6.03,6.20,5.96,6.20,350700,0
BTL.MC,D,20081119,000000,6.23,6.27,6.10,6.18,659900,0
BTL.MC,D,20081120,000000,6.06,6.47,6.00,6.39,857200,0
BTL.MC,D,20081121,000000,6.43,6.72,6.33,6.56,971200,0
BTL.MC,D,20081124,000000,6.72,6.98,6.64,6.98,1264900,0
BTL.MC,D,20081125,000000,6.95,7.05,6.77,7.00,1224200,0
BTL.MC,D,20081126,000000,6.95,7.13,6.91,7.13,555700,0
BTL.MC,D,20081127,000000,7.07,7.14,6.93,7.01,805500,0
BTL.MC,D,20081128,000000,7.01,7.01,6.60,6.92,925700,0
BTL.MC,D,20081201,000000,6.87,7.08,6.83,7.05,800200,0
BTL.MC,D,20081202,000000,6.96,7.40,6.86,7.40,1919100,0
BTL.MC,D,20081203,000000,7.39,7.91,7.23,7.84,1726800,0
BTL.MC,D,20081204,000000,7.84,8.25,7.75,8.00,1391000,0
BTL.MC,D,20081205,000000,7.88,7.89,7.47,7.55,748100,0
BTL.MC,D,20081208,000000,7.91,8.10,7.64,7.95,539900,0
BTL.MC,D,20081209,000000,7.88,8.12,7.80,8.04,947700,0
BTL.MC,D,20081210,000000,8.02,8.20,7.94,8.20,839200,0
BTL.MC,D,20081211,000000,8.15,8.22,7.90,8.18,724600,0
BTL.MC,D,20081212,000000,7.90,8.13,7.83,8.10,683100,0
BTL.MC,D,20081215,000000,8.18,8.22,8.06,8.10,459500,0
BTL.MC,D,20081216,000000,8.06,8.24,8.05,8.10,626700,0
BTL.MC,D,20081217,000000,8.19,8.19,7.93,8.04,1100800,0
BTL.MC,D,20081218,000000,8.01,8.10,7.86,7.89,940500,0
BTL.MC,D,20081219,000000,7.73,7.94,7.52,7.83,1047000,0
BTL.MC,D,20081222,000000,7.76,7.84,7.66,7.71,649200,0
BTL.MC,D,20081223,000000,7.61,7.78,7.61,7.67,495800,0
BTL.MC,D,20081229,000000,7.61,7.70,7.30,7.50,501600,0
BTL.MC,D,20081230,000000,7.50,7.64,7.40,7.55,417300,0
BTL.MC,D,20090102,000000,7.63,7.88,7.58,7.84,439900,0
BTL.MC,D,20090105,000000,7.93,8.25,7.90,8.25,812000,0
BTL.MC,D,20090106,000000,8.24,8.55,8.16,8.31,1087100,0
BTL.MC,D,20090107,000000,8.37,8.42,7.91,8.00,796200,0
BTL.MC,D,20090108,000000,7.86,8.08,7.81,8.04,421500,0
BTL.MC,D,20090109,000000,8.12,8.12,7.91,8.05,736300,0
BTL.MC,D,20090112,000000,8.00,8.07,7.82,7.86,639400,0
BTL.MC,D,20090113,000000,7.77,7.92,7.71,7.87,447700,0
BTL.MC,D,20090114,000000,7.90,8.05,7.50,7.69,749600,0
BTL.MC,D,20090115,000000,7.63,7.79,7.57,7.67,412200,0
BTL.MC,D,20090116,000000,7.85,7.86,7.65,7.80,486200,0
BTL.MC,D,20090119,000000,7.87,8.00,7.64,7.83,626500,0
BTL.MC,D,20090120,000000,7.77,7.83,7.33,7.41,699000,0
BTL.MC,D,20090121,000000,7.26,7.34,6.16,6.85,2985600,0
BTL.MC,D,20090122,000000,6.92,6.98,6.71,6.86,1250700,0
BTL.MC,D,20090123,000000,6.78,6.81,6.38,6.65,1079700,0
BTL.MC,D,20090126,000000,6.58,6.80,6.47,6.65,502000,0
BTL.MC,D,20090127,000000,6.65,6.90,6.59,6.90,929200,0
BTL.MC,D,20090128,000000,7.00,7.04,6.95,7.03,626200,0
BTL.MC,D,20090129,000000,6.98,7.04,6.80,6.84,445800,0
BTL.MC,D,20090130,000000,6.84,6.91,6.67,6.74,480700,0
BTL.MC,D,20090202,000000,6.61,6.79,6.47,6.52,353800,0
BTL.MC,D,20090203,000000,6.54,6.68,6.00,6.08,1476300,0
BTL.MC,D,20090204,000000,6.18,6.30,6.05,6.20,1408100,0
BTL.MC,D,20090205,000000,6.11,6.24,5.96,6.11,978100,0
BTL.MC,D,20090206,000000,6.10,6.33,6.10,6.30,756800,0
BTL.MC,D,20090209,000000,6.35,6.36,6.19,6.23,752600,0
BTL.MC,D,20090210,000000,6.23,6.26,6.05,6.05,652000,0
BTL.MC,D,20090211,000000,6.00,6.11,5.98,6.00,405700,0
BTL.MC,D,20090212,000000,6.01,6.06,5.92,5.98,615800,0
BTL.MC,D,20090213,000000,5.99,6.21,5.98,5.98,682700,0
BTL.MC,D,20090216,000000,5.98,6.05,5.71,5.72,586400,0
BTL.MC,D,20090217,000000,5.73,5.85,5.64,5.80,804000,0
BTL.MC,D,20090218,000000,5.85,5.86,5.40,5.57,1111200,0
BTL.MC,D,20090219,000000,5.56,5.75,5.33,5.60,948600,0
BTL.MC,D,20090220,000000,5.50,5.55,5.36,5.37,586900,0
BTL.MC,D,20090223,000000,5.41,5.52,5.26,5.27,768400,0
BTL.MC,D,20090224,000000,5.17,5.23,5.02,5.04,992400,0
BTL.MC,D,20090225,000000,5.13,5.18,4.95,5.18,1342700,0
BTL.MC,D,20090226,000000,5.15,5.94,5.05,5.60,2616700,0
BTL.MC,D,20090227,000000,5.53,5.74,5.50,5.67,1420100,0
BTL.MC,D,20090302,000000,5.55,5.55,5.20,5.20,546400,0
BTL.MC,D,20090303,000000,5.16,5.34,5.05,5.21,575700,0
BTL.MC,D,20090304,000000,5.23,5.35,5.06,5.13,1322500,0
BTL.MC,D,20090305,000000,5.10,5.14,4.71,4.76,1564900,0
BTL.MC,D,20090306,000000,4.72,4.88,4.51,4.56,878600,0
BTL.MC,D,20090309,000000,4.55,4.74,4.43,4.55,712700,0
BTL.MC,D,20090310,000000,4.60,4.74,4.52,4.71,682900,0
BTL.MC,D,20090311,000000,4.72,4.84,4.66,4.68,896900,0
BTL.MC,D,20090312,000000,4.62,4.66,4.42,4.46,1369500,0
BTL.MC,D,20090313,000000,4.50,4.63,4.37,4.50,2767700,0
BTL.MC,D,20090316,000000,4.55,4.81,4.55,4.76,1633400,0
BTL.MC,D,20090317,000000,4.80,4.80,4.53,4.59,1278900,0
BTL.MC,D,20090318,000000,4.68,4.75,4.62,4.69,971100,0
BTL.MC,D,20090319,000000,4.77,4.77,4.60,4.65,1381400,0
BTL.MC,D,20090320,000000,4.58,4.70,4.45,4.53,1251200,0
BTL.MC,D,20090323,000000,4.59,4.87,4.59,4.87,1528400,0
BTL.MC,D,20090324,000000,5.09,5.24,5.00,5.24,1304500,0
BTL.MC,D,20090325,000000,5.28,5.38,4.95,5.04,1989800,0
BTL.MC,D,20090326,000000,5.14,5.14,4.95,4.98,558700,0
BTL.MC,D,20090327,000000,5.03,5.08,4.98,5.02,860600,0
BTL.MC,D,20090330,000000,5.00,5.00,4.81,4.97,1044600,0
BTL.MC,D,20090331,000000,5.00,5.22,4.95,5.22,758400,0
BTL.MC,D,20090401,000000,5.26,5.48,5.12,5.42,1479900,0
BTL.MC,D,20090402,000000,5.70,5.77,5.38,5.58,2002800,0
BTL.MC,D,20090403,000000,5.63,5.63,5.45,5.58,834600,0
BTL.MC,D,20090406,000000,5.82,5.97,5.70,5.86,1696200,0
BTL.MC,D,20090407,000000,5.98,6.15,5.92,6.15,2194700,0
BTL.MC,D,20090408,000000,5.97,6.41,5.95,6.38,1672300,0
BTL.MC,D,20090409,000000,6.49,7.37,6.49,6.82,2729200,0
BTL.MC,D,20090414,000000,7.00,7.40,6.93,7.35,2556300,0
BTL.MC,D,20090415,000000,7.26,8.04,7.26,7.88,3568700,0
BTL.MC,D,20090416,000000,7.64,7.64,6.80,6.80,4716400,0
BTL.MC,D,20090417,000000,6.70,7.04,6.70,6.97,2307500,0
BTL.MC,D,20090420,000000,6.91,6.94,6.30,6.40,1582400,0
BTL.MC,D,20090421,000000,6.39,6.50,6.21,6.46,1484400,0
BTL.MC,D,20090422,000000,6.50,6.84,6.50,6.84,1042500,0
BTL.MC,D,20090423,000000,6.86,6.95,6.77,6.79,1332300,0
BTL.MC,D,20090424,000000,6.81,6.90,6.65,6.78,593800,0
BTL.MC,D,20090427,000000,6.78,7.06,6.70,7.02,904300,0
BTL.MC,D,20090428,000000,6.97,7.17,6.77,7.08,1023500,0
BTL.MC,D,20090429,000000,7.15,7.20,7.00,7.08,776000,0
BTL.MC,D,20090430,000000,7.20,7.23,7.10,7.17,908400,0
BTL.MC,D,20090504,000000,7.30,7.59,7.25,7.50,1060900,0
BTL.MC,D,20090505,000000,7.60,7.86,7.55,7.73,1385900,0
BTL.MC,D,20090506,000000,7.74,7.90,7.74,7.81,1109000,0
BTL.MC,D,20090507,000000,7.86,8.02,7.11,7.41,2927800,0
BTL.MC,D,20090508,000000,7.59,7.97,7.51,7.93,1980200,0
BTL.MC,D,20090511,000000,8.00,8.24,7.84,8.19,2357100,0
BTL.MC,D,20090512,000000,8.25,8.59,8.25,8.39,3178400,0
BTL.MC,D,20090513,000000,8.60,8.60,7.92,8.01,2562000,0
BTL.MC,D,20090514,000000,7.15,7.41,6.92,7.12,2483200,0
BTL.MC,D,20090515,000000,7.18,7.18,6.75,6.87,1399600,0
BTL.MC,D,20090518,000000,6.66,6.95,6.54,6.88,1199400,0
BTL.MC,D,20090519,000000,6.94,7.09,6.82,6.91,1600600,0
BTL.MC,D,20090520,000000,6.91,7.11,6.87,7.01,1889300,0
BTL.MC,D,20090521,000000,6.98,6.98,6.70,6.77,1080000,0
BTL.MC,D,20090522,000000,6.80,7.15,6.77,7.11,1925400,0
BTL.MC,D,20090525,000000,7.12,7.15,6.90,7.06,827400,0
BTL.MC,D,20090526,000000,7.11,7.22,6.94,7.20,1608900,0
BTL.MC,D,20090527,000000,7.05,7.18,6.91,7.07,1844400,0
BTL.MC,D,20090528,000000,7.06,7.06,6.95,7.05,1024200,0
BTL.MC,D,20090529,000000,7.09,7.10,6.88,6.90,1371400,0
BTL.MC,D,20090601,000000,7.00,7.15,7.00,7.02,2023200,0
BTL.MC,D,20090602,000000,7.02,7.15,7.02,7.11,736400,0
BTL.MC,D,20090603,000000,7.11,7.15,7.05,7.05,593000,0
BTL.MC,D,20090604,000000,7.05,7.31,7.05,7.30,1629200,0
BTL.MC,D,20090605,000000,7.35,7.47,7.19,7.19,976300,0
BTL.MC,D,20090608,000000,7.13,7.20,7.00,7.09,602700,0
BTL.MC,D,20090609,000000,7.09,7.36,7.03,7.36,1197200,0
BTL.MC,D,20090610,000000,7.38,7.47,7.17,7.19,925100,0
BTL.MC,D,20090611,000000,7.19,7.32,7.16,7.27,373900,0
BTL.MC,D,20090612,000000,7.24,7.30,7.15,7.19,256600,0
BTL.MC,D,20090615,000000,7.20,7.28,7.03,7.23,1043800,0
BTL.MC,D,20090616,000000,7.27,7.27,7.08,7.10,485400,0
BTL.MC,D,20090617,000000,7.06,7.07,6.70,6.82,1356900,0
BTL.MC,D,20090618,000000,6.81,6.85,6.56,6.67,694300,0
BTL.MC,D,20090619,000000,6.70,6.78,6.63,6.70,1622300,0
BTL.MC,D,20090622,000000,6.76,6.77,6.45,6.47,849200,0
BTL.MC,D,20090623,000000,6.48,6.53,6.39,6.39,425800,0
BTL.MC,D,20090624,000000,6.42,6.64,6.33,6.62,609800,0
BTL.MC,D,20090625,000000,6.69,6.72,6.50,6.71,565400,0
BTL.MC,D,20090626,000000,6.76,6.80,6.62,6.68,572300,0
BTL.MC,D,20090629,000000,6.50,6.70,6.50,6.67,922600,0
BTL.MC,D,20090630,000000,6.70,6.70,6.60,6.65,491200,0
BTL.MC,D,20090701,000000,6.61,6.72,6.50,6.58,1205900,0
BTL.MC,D,20090702,000000,6.61,6.68,6.43,6.45,836700,0
BTL.MC,D,20090703,000000,6.50,6.55,6.30,6.45,652000,0
BTL.MC,D,20090706,000000,6.40,6.40,6.17,6.21,680100,0
BTL.MC,D,20090707,000000,6.24,6.28,5.93,5.97,1072100,0
BTL.MC,D,20090708,000000,5.95,5.97,5.68,5.71,1372600,0
BTL.MC,D,20090709,000000,5.75,5.89,5.66,5.73,1226200,0
BTL.MC,D,20090710,000000,5.82,5.95,5.81,5.94,1105500,0
BTL.MC,D,20090713,000000,5.93,6.09,5.84,6.09,1041500,0
BTL.MC,D,20090714,000000,6.14,6.18,5.95,6.06,712100,0
BTL.MC,D,20090715,000000,6.09,6.16,6.02,6.03,1083400,0
BTL.MC,D,20090716,000000,6.10,6.19,6.01,6.12,824800,0
BTL.MC,D,20090717,000000,6.12,6.16,5.93,6.03,1277700,0
BTL.MC,D,20090720,000000,6.05,6.09,5.97,5.98,464100,0
BTL.MC,D,20090721,000000,6.00,6.08,5.97,6.05,693100,0
BTL.MC,D,20090722,000000,5.96,6.19,5.96,6.19,730400,0
BTL.MC,D,20090723,000000,6.20,6.58,6.20,6.54,1979500,0
BTL.MC,D,20090724,000000,6.50,6.76,6.48,6.70,1435900,0
BTL.MC,D,20090727,000000,6.78,7.04,6.76,7.01,1267000,0
BTL.MC,D,20090728,000000,7.01,7.24,6.99,7.18,2042900,0
BTL.MC,D,20090729,000000,7.19,7.19,6.91,7.12,1004500,0
BTL.MC,D,20090730,000000,7.18,7.65,7.16,7.56,2733700,0
BTL.MC,D,20090731,000000,7.50,8.19,7.50,8.00,2623100,0
BTL.MC,D,20090803,000000,7.96,7.99,7.70,7.90,896700,0
BTL.MC,D,20090804,000000,7.90,7.90,7.72,7.87,888200,0
BTL.MC,D,20090805,000000,7.84,8.00,7.73,7.74,1122800,0
BTL.MC,D,20090806,000000,7.81,7.95,7.74,7.81,754500,0
BTL.MC,D,20090807,000000,7.79,7.87,7.61,7.77,764800,0
BTL.MC,D,20090810,000000,7.83,7.91,7.80,7.86,463100,0
BTL.MC,D,20090811,000000,7.88,7.95,7.80,7.84,602600,0
BTL.MC,D,20090812,000000,7.84,8.15,7.78,8.09,1120000,0
BTL.MC,D,20090813,000000,8.11,8.18,7.97,8.12,1030900,0
BTL.MC,D,20090814,000000,8.16,8.25,8.06,8.18,961100,0
BTL.MC,D,20090817,000000,8.20,8.20,7.86,7.91,684600,0
BTL.MC,D,20090818,000000,7.86,8.05,7.86,8.03,373200,0
BTL.MC,D,20090819,000000,8.04,8.04,7.80,7.87,426200,0
BTL.MC,D,20090820,000000,7.90,8.09,7.89,8.04,505600,0
BTL.MC,D,20090821,000000,8.09,8.16,7.80,8.13,873700,0
BTL.MC,D,20090824,000000,8.15,8.16,8.02,8.08,570700,0
BTL.MC,D,20090825,000000,8.04,8.12,7.93,8.06,1038500,0
BTL.MC,D,20090826,000000,8.05,8.14,7.95,7.99,1006300,0
BTL.MC,D,20090827,000000,8.05,8.07,7.90,7.94,653900,0
BTL.MC,D,20090828,000000,8.01,8.07,7.96,7.97,606900,0
BTL.MC,D,20090831,000000,7.95,8.06,7.80,7.82,389900,0
BTL.MC,D,20090901,000000,7.88,8.00,7.70,7.70,669000,0
BTL.MC,D,20090902,000000,7.65,7.72,7.38,7.57,976100,0
BTL.MC,D,20090903,000000,7.62,7.79,7.41,7.70,942700,0
BTL.MC,D,20090904,000000,7.77,7.93,7.74,7.76,695900,0
BTL.MC,D,20090907,000000,7.88,8.03,7.80,8.00,668400,0
BTL.MC,D,20090908,000000,8.01,8.12,7.93,8.12,1087700,0
BTL.MC,D,20090909,000000,8.15,8.89,8.08,8.80,3311100,0
BTL.MC,D,20090910,000000,8.90,9.04,8.68,8.69,2291600,0
BTL.MC,D,20090911,000000,8.80,8.85,8.50,8.50,1437800,0
BTL.MC,D,20090914,000000,8.46,8.85,8.41,8.82,1159900,0
BTL.MC,D,20090915,000000,8.88,8.89,8.66,8.85,998000,0
BTL.MC,D,20090916,000000,8.98,9.32,8.93,9.23,1676000,0
BTL.MC,D,20090917,000000,9.27,9.86,9.27,9.51,2175000,0
BTL.MC,D,20090918,000000,9.64,9.64,9.43,9.44,1520700,0
BTL.MC,D,20090921,000000,9.34,9.39,8.60,9.20,1462600,0
BTL.MC,D,20090922,000000,9.25,9.41,9.22,9.34,829100,0
BTL.MC,D,20090923,000000,9.40,9.44,9.22,9.35,1161600,0
BTL.MC,D,20090924,000000,9.25,9.40,9.13,9.18,1626600,0
BTL.MC,D,20090925,000000,9.20,9.20,8.91,9.13,800700,0
BTL.MC,D,20090928,000000,9.13,9.15,8.82,9.13,962800,0
BTL.MC,D,20090929,000000,9.23,9.23,8.84,8.86,1246200,0
BTL.MC,D,20090930,000000,8.92,9.03,8.60,8.62,2366800,0
BTL.MC,D,20091001,000000,8.77,8.85,8.31,8.38,1883100,0
BTL.MC,D,20091002,000000,8.25,8.34,8.08,8.16,1580200,0
BTL.MC,D,20091005,000000,8.10,8.28,8.04,8.18,932600,0
BTL.MC,D,20091006,000000,8.24,8.69,8.19,8.52,2092600,0
BTL.MC,D,20091007,000000,8.60,8.80,8.47,8.50,1994100,0
BTL.MC,D,20091008,000000,8.66,8.68,8.57,8.65,870100,0
BTL.MC,D,20091009,000000,8.69,8.82,8.60,8.65,1102400,0
BTL.MC,D,20091012,000000,8.66,8.80,8.66,8.70,598900,0
BTL.MC,D,20091013,000000,8.63,8.77,8.45,8.56,1241800,0
BTL.MC,D,20091014,000000,8.66,8.80,8.63,8.72,1089200,0
BTL.MC,D,20091015,000000,8.72,8.72,8.19,8.23,2214100,0
BTL.MC,D,20091016,000000,8.29,8.31,7.78,7.89,3025800,0
BTL.MC,D,20091019,000000,7.97,7.99,7.82,7.90,1023000,0
BTL.MC,D,20091020,000000,7.98,8.02,7.83,7.84,1137700,0
BTL.MC,D,20091021,000000,7.80,7.94,7.66,7.86,700800,0
BTL.MC,D,20091022,000000,7.77,7.77,7.60,7.69,812400,0
BTL.MC,D,20091023,000000,7.78,7.94,7.61,7.64,945000,0
BTL.MC,D,20091026,000000,7.70,7.78,7.43,7.43,826500,0
BTL.MC,D,20091027,000000,7.40,7.55,7.35,7.49,836000,0
BTL.MC,D,20091028,000000,7.50,7.53,6.95,7.08,2231700,0
BTL.MC,D,20091029,000000,7.09,7.77,6.96,7.77,2357200,0
BTL.MC,D,20091030,000000,7.82,7.85,7.02,7.05,1801200,0
BTL.MC,D,20091102,000000,7.22,7.28,7.07,7.19,1055600,0
BTL.MC,D,20091103,000000,7.17,7.17,6.82,7.03,1174000,0
BTL.MC,D,20091104,000000,7.12,7.35,7.05,7.30,1434300,0
BTL.MC,D,20091105,000000,7.21,7.42,7.11,7.39,952100,0
BTL.MC,D,20091106,000000,7.40,7.49,7.31,7.38,1127700,0
BTL.MC,D,20091109,000000,7.41,7.52,7.41,7.47,541300,0
BTL.MC,D,20091110,000000,7.44,7.55,7.31,7.43,921200,0
BTL.MC,D,20091111,000000,7.50,7.85,7.43,7.67,1624500,0
BTL.MC,D,20091113,000000,7.84,7.93,7.72,7.85,878100,0
BTL.MC,D,20091116,000000,8.00,8.05,7.80,7.91,1109200,0
BTL.MC,D,20091117,000000,7.90,8.04,7.84,8.00,945800,0
BTL.MC,D,20091118,000000,8.04,8.04,7.91,7.93,1433700,0
BTL.MC,D,20091119,000000,7.97,7.97,7.67,7.72,751300,0
BTL.MC,D,20091120,000000,7.75,7.87,7.59,7.60,606600,0
BTL.MC,D,20091123,000000,7.71,7.84,7.64,7.72,285100,0
BTL.MC,D,20091124,000000,7.64,7.72,7.56,7.61,762000,0
BTL.MC,D,20091125,000000,7.72,7.72,7.61,7.66,257800,0
BTL.MC,D,20091126,000000,7.66,7.66,7.39,7.39,514200,0
BTL.MC,D,20091127,000000,7.20,7.72,7.12,7.59,858100,0
BTL.MC,D,20091130,000000,7.60,7.69,7.42,7.42,620400,0
BTL.MC,D,20091201,000000,7.51,7.72,7.49,7.72,592900,0
BTL.MC,D,20091202,000000,7.74,7.78,7.68,7.76,569000,0
BTL.MC,D,20091204,000000,7.84,7.85,7.70,7.80,831000,0
BTL.MC,D,20091207,000000,7.85,7.91,7.75,7.86,432400,0
BTL.MC,D,20091209,000000,7.78,8.10,7.70,8.00,1601700,0
BTL.MC,D,20091211,000000,8.15,8.69,8.10,8.69,2056700,0
BTL.MC,D,20091214,000000,8.69,8.84,8.51,8.66,1395900,0
BTL.MC,D,20091215,000000,8.83,9.09,8.69,9.05,2497500,0
BTL.MC,D,20091216,000000,9.03,9.17,8.81,8.95,1391300,0
BTL.MC,D,20091217,000000,9.48,9.65,9.19,9.19,3291900,0