<TICKER>,<PER>,<DTYYYYMMDD>,<TIME>,<OPEN>,<HIGH>,<LOW>,<CLOSE>,<VOL>,<OPENINT>
BMTS.MC,D,20070904,000000,48.51,48.93,48.19,48.70,61000,0
BMTS.MC,D,20070905,000000,48.99,48.99,47.43,47.75,22900,0
BMTS.MC,D,20070906,000000,47.90,48.17,47.34,47.70,43200,0
BMTS.MC,D,20070907,000000,47.91,49.11,46.58,46.72,215300,0
BMTS.MC,D,20070910,000000,45.61,46.28,45.01,45.01,53300,0
BMTS.MC,D,20070911,000000,45.30,46.76,45.30,46.76,135400,0
BMTS.MC,D,20070912,000000,47.89,47.89,45.59,46.03,29700,0
BMTS.MC,D,20070913,000000,46.03,48.50,45.68,48.18,156500,0
BMTS.MC,D,20070914,000000,48.18,49.50,47.26,49.50,337700,0
BMTS.MC,D,20070917,000000,49.25,49.25,47.74,48.00,429500,0
BMTS.MC,D,20070918,000000,47.50,49.34,47.50,49.22,192300,0
BMTS.MC,D,20070919,000000,49.70,52.05,49.70,51.80,192300,0
BMTS.MC,D,20070920,000000,51.00,52.50,51.00,52.20,142200,0
BMTS.MC,D,20070921,000000,52.50,54.30,52.10,53.80,324400,0
BMTS.MC,D,20070924,000000,54.20,55.25,53.75,54.70,472400,0
BMTS.MC,D,20070925,000000,55.20,55.20,53.55,54.30,54000,0
BMTS.MC,D,20070926,000000,54.50,55.50,54.50,55.05,74600,0
BMTS.MC,D,20070927,000000,55.60,55.70,55.25,55.40,77700,0
BMTS.MC,D,20070928,000000,55.20,55.35,54.55,55.25,76100,0
BMTS.MC,D,20071001,000000,54.50,56.00,54.50,55.70,61300,0
BMTS.MC,D,20071002,000000,56.15,56.50,54.75,54.75,67800,0
BMTS.MC,D,20071003,000000,55.25,55.45,54.10,54.10,80700,0
BMTS.MC,D,20071004,000000,53.75,54.00,53.15,53.75,24300,0
BMTS.MC,D,20071005,000000,53.80,55.20,53.50,55.10,36800,0
BMTS.MC,D,20071008,000000,55.10,55.65,54.40,54.55,51500,0
BMTS.MC,D,20071009,000000,54.45,54.70,53.00,54.65,45700,0
BMTS.MC,D,20071010,000000,54.85,55.80,54.20,55.55,20900,0
BMTS.MC,D,20071011,000000,55.60,57.10,55.60,56.40,81100,0
BMTS.MC,D,20071012,000000,55.70,55.70,55.00,55.25,13700,0
BMTS.MC,D,20071015,000000,55.65,56.05,54.50,55.05,26300,0
BMTS.MC,D,20071016,000000,54.60,54.60,53.50,53.80,30300,0
BMTS.MC,D,20071017,000000,53.65,55.25,53.00,55.20,57200,0
BMTS.MC,D,20071018,000000,55.30,55.55,54.35,54.85,15900,0
BMTS.MC,D,20071019,000000,54.85,56.30,54.85,55.00,32400,0
BMTS.MC,D,20071022,000000,53.45,54.20,52.65,52.90,30600,0
BMTS.MC,D,20071023,000000,53.20,55.00,53.20,54.75,138300,0
BMTS.MC,D,20071024,000000,55.00,55.55,54.50,54.50,26700,0
BMTS.MC,D,20071025,000000,54.70,55.85,54.70,55.50,37800,0
BMTS.MC,D,20071026,000000,55.30,56.05,54.70,55.95,27200,0
BMTS.MC,D,20071029,000000,56.50,57.85,56.50,57.70,61400,0
BMTS.MC,D,20071030,000000,56.50,58.20,55.55,55.75,42700,0
BMTS.MC,D,20071031,000000,55.35,56.00,54.50,55.35,72200,0
BMTS.MC,D,20071101,000000,55.10,55.30,52.75,53.25,88300,0
BMTS.MC,D,20071102,000000,52.55,52.65,50.95,52.45,109800,0
BMTS.MC,D,20071105,000000,52.05,52.60,51.50,52.25,22000,0
BMTS.MC,D,20071106,000000,52.70,53.40,52.45,52.90,26300,0
BMTS.MC,D,20071107,000000,53.30,54.15,52.10,52.60,46500,0
BMTS.MC,D,20071108,000000,51.25,54.65,50.70,53.25,79600,0
BMTS.MC,D,20071109,000000,52.90,54.20,50.35,50.45,77600,0
BMTS.MC,D,20071112,000000,49.85,49.85,47.97,48.53,114500,0
BMTS.MC,D,20071113,000000,47.91,49.45,47.33,49.31,336400,0
BMTS.MC,D,20071114,000000,51.35,51.70,49.59,49.86,115000,0
BMTS.MC,D,20071115,000000,50.00,50.20,48.11,48.83,598600,0
BMTS.MC,D,20071116,000000,48.50,48.55,47.65,48.16,141200,0
BMTS.MC,D,20071119,000000,49.00,49.54,46.42,46.47,197900,0
BMTS.MC,D,20071120,000000,46.60,48.75,46.60,48.58,95100,0
BMTS.MC,D,20071121,000000,47.71,48.00,46.38,46.83,62400,0
BMTS.MC,D,20071122,000000,47.14,47.85,46.58,46.82,103000,0
BMTS.MC,D,20071123,000000,46.75,48.45,46.62,48.30,40900,0
BMTS.MC,D,20071126,000000,49.00,50.10,48.50,48.90,47400,0
BMTS.MC,D,20071127,000000,47.82,49.08,46.64,47.22,59200,0
BMTS.MC,D,20071128,000000,46.63,48.69,45.67,48.47,188000,0
BMTS.MC,D,20071129,000000,48.81,49.96,48.62,49.93,106100,0
BMTS.MC,D,20071130,000000,49.55,51.30,49.11,50.20,62900,0
BMTS.MC,D,20071203,000000,49.51,50.85,49.13,49.20,27900,0
BMTS.MC,D,20071204,000000,49.13,49.22,47.30,47.48,92200,0
BMTS.MC,D,20071205,000000,48.75,48.95,47.73,48.89,51600,0
BMTS.MC,D,20071206,000000,49.22,49.80,47.85,49.46,24100,0
BMTS.MC,D,20071207,000000,49.54,50.75,49.30,50.00,38300,0
BMTS.MC,D,20071210,000000,50.60,50.95,50.00,50.80,42400,0
BMTS.MC,D,20071211,000000,50.85,51.00,50.25,50.70,46400,0
BMTS.MC,D,20071212,000000,49.91,52.25,49.91,51.75,94400,0
BMTS.MC,D,20071213,000000,50.50,50.85,49.65,49.80,36900,0
BMTS.MC,D,20071214,000000,50.35,50.40,48.71,49.64,20400,0
BMTS.MC,D,20071217,000000,49.25,49.56,48.16,48.33,33300,0
BMTS.MC,D,20071218,000000,48.10,49.30,48.00,48.46,38700,0
BMTS.MC,D,20071219,000000,48.60,49.11,47.80,48.79,271500,0
BMTS.MC,D,20071220,000000,49.30,50.05,49.06,49.42,152100,0
BMTS.MC,D,20071221,000000,49.50,51.90,49.50,51.35,500200,0
BMTS.MC,D,20071227,000000,52.00,52.75,52.00,52.60,71700,0
BMTS.MC,D,20071228,000000,52.35,53.05,52.35,52.95,53500,0
BMTS.MC,D,20080102,000000,52.90,54.10,52.35,52.35,54200,0
BMTS.MC,D,20080103,000000,52.30,52.30,51.35,51.90,53600,0
BMTS.MC,D,20080104,000000,51.95,51.95,49.77,49.80,105700,0
BMTS.MC,D,20080107,000000,48.03,50.15,47.85,48.30,36900,0
BMTS.MC,D,20080108,000000,48.57,49.52,48.01,48.55,71900,0
BMTS.MC,D,20080109,000000,48.05,48.90,46.53,46.55,48400,0
BMTS.MC,D,20080110,000000,47.27,47.42,44.75,45.33,132400,0
BMTS.MC,D,20080111,000000,45.75,45.75,44.13,45.50,76100,0
BMTS.MC,D,20080114,000000,45.09,46.60,44.35,46.40,90500,0
BMTS.MC,D,20080115,000000,47.18,47.18,44.44,44.44,45900,0
BMTS.MC,D,20080116,000000,43.69,44.00,42.66,43.24,66100,0
BMTS.MC,D,20080117,000000,43.48,43.81,42.48,42.59,54500,0
BMTS.MC,D,20080118,000000,42.00,44.63,42.00,42.90,129600,0
BMTS.MC,D,20080121,000000,42.90,42.90,38.51,38.60,144100,0
BMTS.MC,D,20080122,000000,36.31,41.33,36.31,41.26,186600,0
BMTS.MC,D,20080123,000000,42.10,42.26,39.03,39.25,47600,0
BMTS.MC,D,20080124,000000,41.45,42.90,40.49,42.78,85700,0
BMTS.MC,D,20080125,000000,43.99,45.10,42.60,43.69,81500,0
BMTS.MC,D,20080128,000000,42.00,43.45,41.32,43.45,61900,0
BMTS.MC,D,20080129,000000,44.00,45.09,43.45,44.15,75300,0
BMTS.MC,D,20080130,000000,43.30,44.20,42.92,43.60,53000,0
BMTS.MC,D,20080131,000000,44.00,44.57,42.50,44.16,60500,0
BMTS.MC,D,20080201,000000,44.50,47.60,44.50,47.04,72500,0
BMTS.MC,D,20080204,000000,48.10,48.60,46.91,47.35,81600,0
BMTS.MC,D,20080205,000000,47.50,47.79,45.16,45.42,31200,0
BMTS.MC,D,20080206,000000,45.00,46.98,44.48,46.91,73000,0
BMTS.MC,D,20080207,000000,45.88,47.00,44.68,45.30,50400,0
BMTS.MC,D,20080208,000000,46.97,46.97,44.60,45.98,27700,0
BMTS.MC,D,20080211,000000,45.00,46.93,45.00,46.17,35000,0
BMTS.MC,D,20080212,000000,46.05,49.21,46.05,49.08,55700,0
BMTS.MC,D,20080213,000000,47.50,48.63,46.60,47.20,98600,0
BMTS.MC,D,20080214,000000,47.91,48.75,47.50,47.82,50900,0
BMTS.MC,D,20080215,000000,47.51,48.76,47.23,47.32,64000,0
BMTS.MC,D,20080218,000000,47.90,48.60,47.51,48.05,35100,0
BMTS.MC,D,20080219,000000,48.00,48.00,46.70,47.89,29000,0
BMTS.MC,D,20080220,000000,47.50,49.34,47.38,49.28,64000,0
BMTS.MC,D,20080221,000000,49.60,51.95,49.60,51.50,83700,0
BMTS.MC,D,20080222,000000,49.61,52.95,49.61,51.85,67300,0
BMTS.MC,D,20080225,000000,52.50,53.00,51.35,52.35,40400,0
BMTS.MC,D,20080226,000000,52.30,53.10,51.55,53.05,43000,0
BMTS.MC,D,20080227,000000,53.65,53.65,51.90,52.65,52200,0
BMTS.MC,D,20080228,000000,52.80,52.80,51.40,51.50,47400,0
BMTS.MC,D,20080229,000000,51.45,51.75,50.00,50.65,32900,0
BMTS.MC,D,20080303,000000,49.99,50.90,49.40,50.90,30000,0
BMTS.MC,D,20080304,000000,51.45,52.25,50.55,50.65,15200,0
BMTS.MC,D,20080305,000000,50.35,51.45,50.15,51.30,15300,0
BMTS.MC,D,20080306,000000,51.65,51.75,50.45,50.60,35600,0
BMTS.MC,D,20080307,000000,50.30,50.30,48.90,49.50,69400,0
BMTS.MC,D,20080310,000000,48.30,48.50,47.31,47.64,36800,0
BMTS.MC,D,20080311,000000,47.70,49.25,47.47,48.09,22300,0
BMTS.MC,D,20080312,000000,49.00,50.05,49.00,49.51,25600,0
BMTS.MC,D,20080313,000000,47.01,49.86,47.01,49.70,81500,0
BMTS.MC,D,20080314,000000,49.70,51.30,49.70,50.55,49400,0
BMTS.MC,D,20080318,000000,49.10,50.05,47.81,49.80,40200,0
BMTS.MC,D,20080319,000000,49.50,51.20,49.50,50.70,28300,0
BMTS.MC,D,20080320,000000,48.99,48.99,47.25,47.98,46000,0
BMTS.MC,D,20080325,000000,49.78,50.05,49.00,49.62,38600,0
BMTS.MC,D,20080326,000000,48.60,50.85,48.60,50.30,19500,0
BMTS.MC,D,20080327,000000,49.75,51.50,49.75,50.70,45700,0
BMTS.MC,D,20080328,000000,50.50,51.70,50.50,51.25,18700,0
BMTS.MC,D,20080331,000000,51.10,51.95,50.50,51.75,16600,0
BMTS.MC,D,20080401,000000,51.45,52.10,51.05,51.85,26000,0
BMTS.MC,D,20080402,000000,51.35,52.30,50.25,51.60,45700,0
BMTS.MC,D,20080403,000000,51.25,52.45,51.25,52.35,38700,0
BMTS.MC,D,20080404,000000,51.05,53.50,51.05,53.45,66900,0
BMTS.MC,D,20080407,000000,54.00,54.95,53.90,54.80,57000,0
BMTS.MC,D,20080408,000000,53.70,54.75,53.45,54.50,41600,0
BMTS.MC,D,20080409,000000,53.60,55.30,53.60,54.75,51300,0
BMTS.MC,D,20080410,000000,54.00,54.40,53.00,54.20,25200,0
BMTS.MC,D,20080411,000000,53.75,54.90,52.50,52.50,21200,0
BMTS.MC,D,20080414,000000,52.05,52.70,52.05,52.40,11100,0
BMTS.MC,D,20080415,000000,52.70,53.75,52.70,53.25,21800,0
BMTS.MC,D,20080416,000000,53.10,55.20,53.10,55.00,18600,0
BMTS.MC,D,20080417,000000,55.25,55.60,54.80,55.35,23500,0
BMTS.MC,D,20080418,000000,55.20,56.50,55.20,56.50,34100,0
BMTS.MC,D,20080421,000000,55.35,56.50,55.35,56.25,23300,0
BMTS.MC,D,20080422,000000,56.05,57.10,55.50,55.65,29100,0
BMTS.MC,D,20080423,000000,56.05,58.05,55.35,58.05,30100,0
BMTS.MC,D,20080424,000000,58.00,58.40,56.50,56.70,33300,0
BMTS.MC,D,20080425,000000,56.90,57.75,56.50,56.65,17600,0
BMTS.MC,D,20080428,000000,57.90,58.05,56.75,58.00,21500,0
BMTS.MC,D,20080429,000000,57.10,57.45,56.35,56.75,49100,0
BMTS.MC,D,20080430,000000,57.70,57.70,55.40,56.90,102600,0
BMTS.MC,D,20080502,000000,57.10,57.70,55.80,57.55,19700,0
BMTS.MC,D,20080505,000000,57.55,58.35,57.05,58.05,20300,0
BMTS.MC,D,20080506,000000,57.60,60.00,57.60,60.00,68100,0
BMTS.MC,D,20080507,000000,59.75,61.50,59.75,61.15,37400,0
BMTS.MC,D,20080508,000000,59.60,62.00,59.60,61.65,36900,0
BMTS.MC,D,20080509,000000,61.65,61.75,60.65,60.80,32500,0
BMTS.MC,D,20080512,000000,60.60,62.15,60.60,61.40,18700,0
BMTS.MC,D,20080513,000000,61.95,62.40,61.05,62.20,39700,0
BMTS.MC,D,20080514,000000,62.50,64.95,62.50,64.90,74500,0
BMTS.MC,D,20080515,000000,63.90,64.70,63.40,64.70,71000,0
BMTS.MC,D,20080516,000000,64.05,65.40,64.05,64.10,34200,0
BMTS.MC,D,20080519,000000,65.25,66.05,64.75,65.80,53400,0
BMTS.MC,D,20080520,000000,65.00,65.35,63.60,63.65,28100,0
BMTS.MC,D,20080521,000000,63.95,65.00,63.20,63.90,32300,0
BMTS.MC,D,20080522,000000,63.10,64.10,62.90,63.85,62800,0
BMTS.MC,D,20080523,000000,64.90,64.90,63.00,63.00,27300,0
BMTS.MC,D,20080526,000000,63.00,64.35,63.00,63.90,10100,0
BMTS.MC,D,20080527,000000,64.35,64.35,61.85,62.00,20100,0
BMTS.MC,D,20080528,000000,61.60,63.80,61.60,63.35,34000,0
BMTS.MC,D,20080529,000000,64.00,64.75,63.55,64.30,46000,0
BMTS.MC,D,20080530,000000,64.30,64.30,63.65,63.80,20800,0
BMTS.MC,D,20080602,000000,62.05,63.75,62.05,63.00,17800,0
BMTS.MC,D,20080603,000000,63.95,65.20,63.25,65.05,41200,0
BMTS.MC,D,20080604,000000,64.90,64.90,63.15,64.00,31000,0
BMTS.MC,D,20080605,000000,63.70,65.75,63.45,65.50,54200,0
BMTS.MC,D,20080606,000000,66.10,67.70,65.20,65.25,72300,0
BMTS.MC,D,20080610,000000,65.80,65.80,64.20,64.60,47400,0
BMTS.MC,D,20080611,000000,64.25,64.80,62.15,62.15,63400,0
BMTS.MC,D,20080612,000000,61.50,63.15,61.10,61.10,52900,0
BMTS.MC,D,20080613,000000,61.00,62.90,60.00,62.55,121900,0
BMTS.MC,D,20080616,000000,63.00,63.00,60.75,62.30,43300,0
BMTS.MC,D,20080617,000000,62.95,63.80,62.20,62.50,26700,0
BMTS.MC,D,20080618,000000,62.20,63.15,62.20,62.80,20100,0
BMTS.MC,D,20080619,000000,61.70,65.80,61.70,65.50,60600,0
BMTS.MC,D,20080620,000000,65.95,66.50,64.80,65.10,72800,0
BMTS.MC,D,20080623,000000,64.05,66.85,64.05,66.35,28000,0
BMTS.MC,D,20080624,000000,65.05,66.80,64.10,65.45,26900,0
BMTS.MC,D,20080625,000000,65.05,65.05,63.70,63.85,17700,0
BMTS.MC,D,20080626,000000,63.50,64.80,63.10,63.15,33800,0
BMTS.MC,D,20080627,000000,63.00,64.35,62.15,63.80,18800,0
BMTS.MC,D,20080630,000000,64.20,64.30,62.00,62.65,54300,0
BMTS.MC,D,20080701,000000,62.75,62.75,59.45,59.90,34500,0
BMTS.MC,D,20080702,000000,59.00,60.00,55.85,55.85,43300,0
BMTS.MC,D,20080703,000000,54.40,54.55,52.85,54.00,58400,0
BMTS.MC,D,20080704,000000,53.60,53.95,53.40,53.50,13500,0
BMTS.MC,D,20080707,000000,54.00,55.45,54.00,55.30,18100,0
BMTS.MC,D,20080708,000000,55.00,55.00,53.20,53.55,12800,0
BMTS.MC,D,20080709,000000,55.00,55.85,53.60,55.65,17400,0
BMTS.MC,D,20080710,000000,54.80,56.70,54.65,56.20,44600,0
BMTS.MC,D,20080711,000000,57.95,57.95,55.40,55.40,55700,0
BMTS.MC,D,20080714,000000,55.20,56.60,55.20,55.60,26200,0
BMTS.MC,D,20080715,000000,55.25,55.30,53.95,53.95,45000,0
BMTS.MC,D,20080716,000000,54.60,54.90,52.70,52.85,45600,0
BMTS.MC,D,20080717,000000,53.50,54.05,51.60,51.95,59900,0
BMTS.MC,D,20080718,000000,51.15,51.30,50.00,50.20,68300,0
BMTS.MC,D,20080721,000000,50.80,51.95,49.76,51.05,34300,0
BMTS.MC,D,20080722,000000,51.80,52.20,50.95,51.30,6100,0
BMTS.MC,D,20080723,000000,51.70,52.00,50.40,50.95,15900,0
BMTS.MC,D,20080724,000000,50.55,50.55,48.48,48.58,27700,0
BMTS.MC,D,20080725,000000,48.66,49.90,48.66,49.70,23900,0
BMTS.MC,D,20080728,000000,48.10,51.35,48.10,51.15,17000,0
BMTS.MC,D,20080729,000000,50.80,54.00,50.40,53.45,45800,0
BMTS.MC,D,20080730,000000,56.10,58.55,56.10,57.65,61600,0
BMTS.MC,D,20080731,000000,59.00,59.95,57.10,57.55,24800,0
BMTS.MC,D,20080801,000000,55.90,56.50,54.90,55.10,24300,0
BMTS.MC,D,20080804,000000,57.95,57.95,53.20,53.30,16500,0
BMTS.MC,D,20080805,000000,54.00,54.00,51.85,53.00,19000,0
BMTS.MC,D,20080806,000000,54.00,55.45,53.80,54.45,26400,0
BMTS.MC,D,20080807,000000,55.15,55.75,53.75,54.50,21800,0
BMTS.MC,D,20080808,000000,54.80,54.80,52.35,52.80,19000,0
BMTS.MC,D,20080811,000000,53.00,53.40,51.70,51.75,28700,0
BMTS.MC,D,20080812,000000,52.10,52.15,50.95,51.20,20700,0
BMTS.MC,D,20080813,000000,52.45,52.80,51.80,51.80,18100,0
BMTS.MC,D,20080814,000000,53.30,53.50,52.30,52.75,10100,0
BMTS.MC,D,20080815,000000,53.00,53.40,50.40,53.40,17500,0
BMTS.MC,D,20080818,000000,52.50,52.50,50.80,51.05,15500,0
BMTS.MC,D,20080819,000000,51.00,51.40,49.98,50.10,16300,0
BMTS.MC,D,20080820,000000,51.35,52.30,51.25,52.10,25600,0
BMTS.MC,D,20080821,000000,52.30,52.90,51.75,52.75,20200,0
BMTS.MC,D,20080822,000000,52.10,52.70,51.85,52.30,9500,0
BMTS.MC,D,20080825,000000,52.05,52.15,51.15,51.15,6000,0
BMTS.MC,D,20080826,000000,51.20,51.60,50.35,51.25,30400,0
BMTS.MC,D,20080827,000000,51.95,52.45,50.60,52.40,15500,0
BMTS.MC,D,20080828,000000,52.30,53.30,51.70,52.50,22300,0
BMTS.MC,D,20080829,000000,53.10,54.05,53.00,53.85,37700,0
BMTS.MC,D,20080901,000000,53.95,53.95,52.50,53.75,22500,0
BMTS.MC,D,20080902,000000,52.60,52.60,49.80,49.92,91300,0
BMTS.MC,D,20080903,000000,50.00,50.30,47.95,47.98,56500,0
BMTS.MC,D,20080904,000000,48.27,48.59,46.28,46.30,74300,0
BMTS.MC,D,20080905,000000,45.20,46.01,43.26,43.56,81100,0
BMTS.MC,D,20080908,000000,46.00,46.17,44.57,44.66,40200,0
BMTS.MC,D,20080909,000000,44.50,44.50,41.05,42.54,62800,0
BMTS.MC,D,20080910,000000,42.66,43.83,41.95,42.55,50900,0
BMTS.MC,D,20080911,000000,43.00,44.02,42.49,43.65,28300,0
BMTS.MC,D,20080912,000000,45.00,46.04,44.32,46.04,36100,0
BMTS.MC,D,20080915,000000,46.00,46.00,43.30,44.70,33400,0
BMTS.MC,D,20080916,000000,44.15,44.86,42.50,44.10,68400,0
BMTS.MC,D,20080917,000000,44.90,44.90,40.15,40.20,32700,0
BMTS.MC,D,20080918,000000,39.25,40.47,37.03,39.00,132300,0
BMTS.MC,D,20080919,000000,40.56,42.43,39.42,42.22,77400,0
BMTS.MC,D,20080922,000000,42.85,43.83,42.64,42.77,45500,0
BMTS.MC,D,20080923,000000,43.25,43.25,40.69,41.00,16600,0
BMTS.MC,D,20080924,000000,40.75,40.85,39.21,39.30,42200,0
BMTS.MC,D,20080925,000000,39.00,40.59,38.70,40.13,38700,0
BMTS.MC,D,20080926,000000,40.13,40.13,38.71,38.92,13500,0
BMTS.MC,D,20080929,000000,39.90,39.90,34.10,34.30,64700,0
BMTS.MC,D,20080930,000000,32.65,36.00,32.01,35.02,51500,0
BMTS.MC,D,20081001,000000,36.20,36.60,34.04,34.04,45700,0
BMTS.MC,D,20081002,000000,34.20,34.20,30.43,31.31,73000,0
BMTS.MC,D,20081003,000000,30.75,32.70,29.09,32.70,68500,0
BMTS.MC,D,20081006,000000,30.90,31.70,27.15,28.51,71900,0
BMTS.MC,D,20081007,000000,29.70,30.00,26.78,27.69,64400,0
BMTS.MC,D,20081008,000000,25.10,27.31,22.50,22.65,238700,0
BMTS.MC,D,20081009,000000,23.75,25.87,22.90,25.00,146200,0
BMTS.MC,D,20081010,000000,22.50,23.40,20.65,21.75,93200,0
BMTS.MC,D,20081013,000000,24.50,26.12,23.35,25.65,100800,0
BMTS.MC,D,20081014,000000,28.80,28.80,24.94,25.20,172700,0
BMTS.MC,D,20081015,000000,24.65,24.65,21.84,22.13,116800,0
BMTS.MC,D,20081016,000000,21.00,21.80,19.30,20.00,144300,0
BMTS.MC,D,20081017,000000,22.60,22.60,19.06,21.93,214900,0
BMTS.MC,D,20081020,000000,22.90,23.53,21.10,22.02,67300,0
BMTS.MC,D,20081021,000000,23.00,23.00,21.21,21.21,53000,0
BMTS.MC,D,20081022,000000,20.70,20.70,19.15,19.35,69000,0
BMTS.MC,D,20081023,000000,20.48,20.48,17.24,18.48,100400,0
BMTS.MC,D,20081024,000000,17.50,17.50,15.75,17.10,139200,0
BMTS.MC,D,20081027,000000,15.90,17.00,15.50,15.66,69800,0
BMTS.MC,D,20081028,000000,16.70,17.00,15.50,16.00,48700,0
BMTS.MC,D,20081029,000000,18.17,18.56,17.35,18.10,121200,0
BMTS.MC,D,20081030,000000,18.20,19.65,18.20,19.04,70400,0
BMTS.MC,D,20081031,000000,19.49,20.25,17.88,20.02,74800,0
BMTS.MC,D,20081103,000000,20.40,22.04,20.19,21.91,89000,0
BMTS.MC,D,20081104,000000,22.50,24.80,21.27,24.60,145100,0
BMTS.MC,D,20081105,000000,23.65,23.65,19.81,20.60,482000,0
BMTS.MC,D,20081106,000000,19.10,19.22,16.61,16.62,348400,0
BMTS.MC,D,20081107,000000,17.17,18.20,17.00,17.54,210000,0
BMTS.MC,D,20081110,000000,18.74,21.40,18.35,18.58,312500,0
BMTS.MC,D,20081111,000000,18.01,19.30,17.67,17.80,106400,0
BMTS.MC,D,20081112,000000,18.40,18.40,15.80,16.13,359500,0
BMTS.MC,D,20081113,000000,15.79,16.98,15.51,16.21,211900,0
BMTS.MC,D,20081114,000000,17.60,17.72,16.66,16.98,228500,0
BMTS.MC,D,20081117,000000,17.19,17.19,16.41,16.83,81600,0
BMTS.MC,D,20081118,000000,16.85,16.85,15.89,16.51,71200,0
BMTS.MC,D,20081119,000000,16.80,16.80,15.01,15.01,134800,0
BMTS.MC,D,20081120,000000,14.49,14.49,12.80,13.62,202800,0
BMTS.MC,D,20081121,000000,13.55,14.75,13.32,14.06,128100,0
BMTS.MC,D,20081124,000000,14.71,16.69,14.31,16.69,182500,0
BMTS.MC,D,20081125,000000,15.90,18.70,15.90,17.55,294200,0
BMTS.MC,D,20081126,000000,17.50,19.38,17.36,18.71,240000,0
BMTS.MC,D,20081127,000000,19.00,19.95,18.60,19.79,130300,0
BMTS.MC,D,20081128,000000,19.90,19.95,17.90,18.55,144000,0
BMTS.MC,D,20081201,000000,18.50,18.74,16.31,16.90,118000,0
BMTS.MC,D,20081202,000000,15.99,17.68,15.08,17.11,285100,0
BMTS.MC,D,20081203,000000,16.98,16.98,15.65,16.32,246100,0
BMTS.MC,D,20081204,000000,16.45,17.70,16.06,16.72,223100,0
BMTS.MC,D,20081205,000000,16.37,16.60,15.45,15.67,205000,0
BMTS.MC,D,20081208,000000,17.07,18.83,16.65,18.38,241100,0
BMTS.MC,D,20081209,000000,17.72,19.15,17.72,18.84,240800,0
BMTS.MC,D,20081210,000000,18.98,19.74,18.50,19.55,191400,0
BMTS.MC,D,20081211,000000,19.46,19.50,18.20,18.75,206900,0
BMTS.MC,D,20081212,000000,17.30,18.11,16.65,18.00,176500,0
BMTS.MC,D,20081215,000000,18.50,18.50,17.40,17.51,104400,0
BMTS.MC,D,20081216,000000,17.40,18.01,17.13,17.31,142900,0
BMTS.MC,D,20081217,000000,17.80,18.12,17.05,17.96,221500,0
BMTS.MC,D,20081218,000000,18.07,18.42,17.92,18.09,116000,0
BMTS.MC,D,20081219,000000,17.60,18.19,17.05,17.67,154100,0
BMTS.MC,D,20081222,000000,17.90,17.90,16.50,16.50,214200,0
BMTS.MC,D,20081223,000000,16.65,17.19,16.40,16.89,136200,0
BMTS.MC,D,20081229,000000,16.90,17.36,16.60,16.90,95700,0
BMTS.MC,D,20081230,000000,16.65,17.29,16.65,17.00,70600,0
BMTS.MC,D,20090102,000000,17.30,18.79,17.26,18.67,105800,0
BMTS.MC,D,20090105,000000,18.80,19.36,18.22,18.72,169400,0
BMTS.MC,D,20090106,000000,18.73,21.65,18.47,21.32,215500,0
BMTS.MC,D,20090107,000000,21.12,22.93,20.32,20.77,325200,0
BMTS.MC,D,20090108,000000,20.00,20.59,19.62,20.53,237200,0
BMTS.MC,D,20090109,000000,20.90,20.97,19.87,20.22,121300,0
BMTS.MC,D,20090112,000000,20.00,20.31,19.20,19.45,93400,0
BMTS.MC,D,20090113,000000,19.20,19.20,18.02,18.92,123800,0
BMTS.MC,D,20090114,000000,19.26,19.29,17.05,17.50,259500,0
BMTS.MC,D,20090115,000000,17.32,17.97,16.70,17.17,238600,0
BMTS.MC,D,20090116,000000,17.85,18.31,17.51,17.83,136300,0
BMTS.MC,D,20090119,000000,18.16,18.45,16.88,17.04,203000,0
BMTS.MC,D,20090120,000000,17.24,17.70,16.75,17.04,162100,0
BMTS.MC,D,20090121,000000,16.74,18.07,16.51,17.30,199700,0
BMTS.MC,D,20090122,000000,18.00,18.34,17.02,17.11,221900,0
BMTS.MC,D,20090123,000000,17.05,17.09,15.75,16.48,287900,0
BMTS.MC,D,20090126,000000,16.57,17.99,16.26,17.92,230400,0
BMTS.MC,D,20090127,000000,17.55,18.53,16.92,18.47,320300,0
BMTS.MC,D,20090128,000000,18.84,20.31,18.84,20.26,356000,0
BMTS.MC,D,20090129,000000,19.88,19.88,18.41,18.68,255100,0
BMTS.MC,D,20090130,000000,18.56,19.20,17.52,17.60,243200,0
BMTS.MC,D,20090202,000000,17.50,17.93,16.93,17.84,221000,0
BMTS.MC,D,20090203,000000,17.73,18.40,16.93,18.18,281000,0
BMTS.MC,D,20090204,000000,18.45,20.30,18.45,20.03,366000,0
BMTS.MC,D,20090205,000000,19.55,20.84,19.13,20.70,318100,0
BMTS.MC,D,20090206,000000,21.00,22.47,20.89,21.99,370800,0
BMTS.MC,D,20090209,000000,21.78,22.32,21.06,22.00,182300,0
BMTS.MC,D,20090210,000000,21.36,21.50,19.95,20.06,392900,0
BMTS.MC,D,20090211,000000,19.55,21.21,19.55,20.30,215200,0
BMTS.MC,D,20090212,000000,20.01,20.01,19.05,19.44,171600,0
BMTS.MC,D,20090213,000000,19.94,20.63,19.76,19.92,216500,0
BMTS.MC,D,20090216,000000,20.27,20.41,19.61,19.61,55800,0
BMTS.MC,D,20090217,000000,19.40,19.46,18.09,18.41,154000,0
BMTS.MC,D,20090218,000000,19.00,19.00,17.90,18.55,163400,0
BMTS.MC,D,20090219,000000,18.66,18.90,17.88,17.91,154700,0
BMTS.MC,D,20090220,000000,17.70,17.70,16.98,17.10,293300,0
BMTS.MC,D,20090223,000000,18.18,18.18,15.95,16.02,275800,0
BMTS.MC,D,20090224,000000,15.50,16.02,15.06,15.78,317600,0
BMTS.MC,D,20090225,000000,16.74,16.80,15.51,15.90,211000,0
BMTS.MC,D,20090226,000000,16.20,16.41,15.35,16.14,247000,0
BMTS.MC,D,20090227,000000,15.64,15.83,14.75,15.34,334200,0
BMTS.MC,D,20090302,000000,14.61,14.81,14.27,14.35,150800,0
BMTS.MC,D,20090303,000000,14.51,15.28,14.26,14.50,174100,0
BMTS.MC,D,20090304,000000,15.13,16.30,15.11,16.30,297100,0
BMTS.MC,D,20090305,000000,16.16,16.25,14.69,14.75,314900,0
BMTS.MC,D,20090306,000000,14.68,15.06,14.30,14.47,245100,0
BMTS.MC,D,20090309,000000,14.80,14.80,14.01,14.42,131900,0
BMTS.MC,D,20090310,000000,14.70,15.96,14.31,15.56,240900,0
BMTS.MC,D,20090311,000000,15.91,16.72,14.88,16.00,391600,0
BMTS.MC,D,20090312,000000,15.69,15.69,14.58,15.00,393600,0
BMTS.MC,D,20090313,000000,15.63,16.36,14.86,14.90,458400,0
BMTS.MC,D,20090316,000000,15.49,15.63,14.02,14.33,524400,0
BMTS.MC,D,20090317,000000,13.95,13.99,12.61,12.71,896800,0
BMTS.MC,D,20090318,000000,13.39,13.49,12.71,12.71,326100,0
BMTS.MC,D,20090319,000000,12.98,14.25,12.62,13.89,497300,0
BMTS.MC,D,20090320,000000,13.84,14.44,13.67,14.05,233400,0
BMTS.MC,D,20090323,000000,14.54,14.80,14.15,14.70,320500,0
BMTS.MC,D,20090324,000000,15.15,15.91,14.92,15.80,494400,0
BMTS.MC,D,20090325,000000,15.85,15.97,15.32,15.61,306300,0
BMTS.MC,D,20090326,000000,15.75,15.80,15.20,15.68,201400,0
BMTS.MC,D,20090327,000000,15.45,16.30,15.45,16.01,194300,0
BMTS.MC,D,20090330,000000,15.50,15.57,14.30,14.40,177600,0
BMTS.MC,D,20090331,000000,14.77,15.43,14.77,15.24,193100,0
BMTS.MC,D,20090401,000000,15.26,16.15,14.80,15.93,165500,0
BMTS.MC,D,20090402,000000,16.75,18.48,16.75,18.21,450400,0
BMTS.MC,D,20090403,000000,18.21,19.37,16.79,18.27,345700,0
BMTS.MC,D,20090406,000000,18.94,19.45,17.89,18.00,247800,0
BMTS.MC,D,20090407,000000,18.38,18.44,16.85,17.79,225900,0
BMTS.MC,D,20090408,000000,17.11,18.17,16.65,17.72,186500,0
BMTS.MC,D,20090409,000000,18.41,19.44,18.20,19.20,169800,0
BMTS.MC,D,20090414,000000,19.57,20.42,19.45,19.95,270400,0
BMTS.MC,D,20090415,000000,19.70,20.34,19.38,19.90,145700,0
BMTS.MC,D,20090416,000000,20.45,21.00,20.30,20.65,171700,0
BMTS.MC,D,20090417,000000,21.21,22.43,21.13,22.07,364800,0
BMTS.MC,D,20090420,000000,22.00,22.14,19.65,19.65,245400,0
BMTS.MC,D,20090421,000000,19.45,20.20,18.66,19.97,262400,0
BMTS.MC,D,20090422,000000,20.36,21.09,19.52,20.91,152000,0
BMTS.MC,D,20090423,000000,20.40,21.49,20.04,20.13,136700,0
BMTS.MC,D,20090424,000000,20.36,20.72,20.03,20.55,259900,0
BMTS.MC,D,20090427,000000,20.17,20.17,19.30,20.02,110200,0
BMTS.MC,D,20090428,000000,19.26,19.26,18.20,18.80,297300,0
BMTS.MC,D,20090429,000000,18.44,18.99,16.80,18.01,671300,0
BMTS.MC,D,20090430,000000,18.15,18.73,17.53,18.00,483500,0
BMTS.MC,D,20090504,000000,18.81,20.80,18.81,20.80,1622500,0
BMTS.MC,D,20090505,000000,20.72,21.33,20.20,20.80,1106900,0
BMTS.MC,D,20090506,000000,20.58,21.21,20.08,20.69,448600,0
BMTS.MC,D,20090507,000000,20.84,21.54,20.20,20.28,548900,0
BMTS.MC,D,20090508,000000,20.61,21.72,20.60,21.30,459900,0
BMTS.MC,D,20090511,000000,21.01,21.30,20.30,20.44,405500,0
BMTS.MC,D,20090512,000000,20.01,20.61,19.51,19.58,557900,0
BMTS.MC,D,20090513,000000,19.44,19.85,18.51,18.66,609600,0
BMTS.MC,D,20090514,000000,18.38,19.15,18.16,18.59,529100,0
BMTS.MC,D,20090515,000000,18.90,19.40,18.65,19.29,345700,0
BMTS.MC,D,20090518,000000,19.15,20.26,18.81,20.26,312100,0
BMTS.MC,D,20090519,000000,20.99,21.60,20.70,21.50,735400,0
BMTS.MC,D,20090520,000000,21.50,22.75,21.28,22.58,645300,0
BMTS.MC,D,20090521,000000,21.81,22.02,20.75,20.82,606500,0
BMTS.MC,D,20090522,000000,20.82,21.62,20.75,20.90,517700,0
BMTS.MC,D,20090525,000000,21.15,21.27,20.55,21.22,270800,0
BMTS.MC,D,20090526,000000,21.15,21.50,20.31,21.34,688000,0
BMTS.MC,D,20090527,000000,21.86,22.84,21.75,22.55,680900,0
BMTS.MC,D,20090528,000000,22.10,23.48,21.92,23.35,482300,0
BMTS.MC,D,20090529,000000,24.00,24.17,22.98,23.05,638000,0
BMTS.MC,D,20090601,000000,24.00,25.75,24.00,25.55,600100,0
BMTS.MC,D,20090602,000000,25.43,26.09,24.82,25.34,714600,0
BMTS.MC,D,20090603,000000,25.95,25.95,23.70,24.09,778700,0
BMTS.MC,D,20090604,000000,24.10,24.48,23.49,24.06,555400,0
BMTS.MC,D,20090605,000000,24.60,25.49,24.43,24.86,655200,0
BMTS.MC,D,20090608,000000,25.18,25.18,23.55,23.60,490600,0
BMTS.MC,D,20090609,000000,24.04,24.40,23.54,24.00,427900,0
BMTS.MC,D,20090610,000000,24.73,25.81,24.53,24.87,665800,0
BMTS.MC,D,20090611,000000,24.89,25.96,24.61,25.86,480000,0
BMTS.MC,D,20090612,000000,25.67,25.82,24.86,25.10,410800,0
BMTS.MC,D,20090615,000000,24.84,24.84,23.87,23.87,690000,0
BMTS.MC,D,20090616,000000,23.90,24.50,23.43,24.12,596100,0
BMTS.MC,D,20090617,000000,23.68,23.75,22.03,22.65,1195500,0
BMTS.MC,D,20090618,000000,22.79,23.25,21.90,22.96,732300,0
BMTS.MC,D,20090619,000000,23.03,24.10,22.93,24.10,814500,0
BMTS.MC,D,20090622,000000,23.70,24.10,22.45,22.55,552800,0
BMTS.MC,D,20090623,000000,22.10,22.81,22.01,22.28,617500,0
BMTS.MC,D,20090624,000000,22.61,23.83,22.61,23.55,630300,0
BMTS.MC,D,20090625,000000,23.85,23.86,22.52,23.39,576100,0
BMTS.MC,D,20090626,000000,23.70,23.99,23.01,23.66,554700,0
BMTS.MC,D,20090629,000000,23.21,24.15,23.21,24.00,450500,0
BMTS.MC,D,20090630,000000,24.15,24.24,23.26,23.40,334400,0
BMTS.MC,D,20090701,000000,23.50,24.15,23.50,23.85,347500,0
BMTS.MC,D,20090702,000000,23.66,23.80,22.65,22.85,669900,0
BMTS.MC,D,20090703,000000,22.95,22.99,22.37,22.41,487100,0
BMTS.MC,D,20090706,000000,22.21,22.29,21.36,21.45,575600,0
BMTS.MC,D,20090707,000000,21.94,22.60,21.62,22.04,551400,0
BMTS.MC,D,20090708,000000,21.67,22.12,20.89,20.95,563100,0
BMTS.MC,D,20090709,000000,21.65,21.93,21.35,21.50,534900,0
BMTS.MC,D,20090710,000000,21.50,21.50,20.92,20.92,377300,0
BMTS.MC,D,20090713,000000,20.90,21.85,20.43,21.85,366300,0
BMTS.MC,D,20090714,000000,21.93,22.59,21.85,22.40,398600,0
BMTS.MC,D,20090715,000000,22.60,23.75,22.60,23.75,684000,0
BMTS.MC,D,20090716,000000,23.78,24.59,23.52,24.11,737200,0
BMTS.MC,D,20090717,000000,24.28,24.75,24.14,24.38,456300,0
BMTS.MC,D,20090720,000000,24.76,25.66,24.76,25.49,644600,0
BMTS.MC,D,20090721,000000,25.52,25.89,25.22,25.35,431800,0
BMTS.MC,D,20090722,000000,25.55,25.55,24.25,25.06,458800,0
BMTS.MC,D,20090723,000000,25.28,26.21,24.85,26.15,637200,0
BMTS.MC,D,20090724,000000,25.98,26.50,25.77,26.14,382900,0
BMTS.MC,D,20090727,000000,26.68,26.98,26.10,26.35,342900,0
BMTS.MC,D,20090728,000000,26.60,26.80,25.25,25.30,531700,0
BMTS.MC,D,20090729,000000,24.06,24.50,23.40,24.13,927400,0
BMTS.MC,D,20090730,000000,24.47,25.95,24.35,25.88,656200,0
BMTS.MC,D,20090731,000000,25.66,25.97,24.86,25.23,522600,0
BMTS.MC,D,20090803,000000,25.24,26.78,25.20,26.65,502000,0
BMTS.MC,D,20090804,000000,26.78,26.78,25.78,26.57,406000,0
BMTS.MC,D,20090805,000000,26.38,26.86,25.92,26.00,491200,0
BMTS.MC,D,20090806,000000,26.55,26.74,25.97,26.12,357000,0
BMTS.MC,D,20090807,000000,25.89,26.83,25.34,26.26,689700,0
BMTS.MC,D,20090810,000000,26.41,26.41,25.62,25.78,405500,0
BMTS.MC,D,20090811,000000,25.99,26.00,24.53,24.69,868400,0
BMTS.MC,D,20090812,000000,24.68,25.04,24.25,24.90,622000,0
BMTS.MC,D,20090813,000000,25.14,25.77,24.76,24.96,706000,0
BMTS.MC,D,20090814,000000,25.09,25.75,24.63,24.70,646800,0
BMTS.MC,D,20090817,000000,24.55,24.55,23.67,23.85,726800,0
BMTS.MC,D,20090818,000000,24.12,24.63,24.08,24.51,480600,0
BMTS.MC,D,20090819,000000,24.25,24.73,23.93,24.50,396100,0
BMTS.MC,D,20090820,000000,24.93,25.30,24.65,24.89,523700,0
BMTS.MC,D,20090821,000000,24.80,25.74,24.65,25.49,744700,0
BMTS.MC,D,20090824,000000,25.90,26.39,25.85,26.20,721000,0
BMTS.MC,D,20090825,000000,25.84,26.25,25.38,26.01,545900,0
BMTS.MC,D,20090826,000000,25.89,26.22,25.14,25.22,797600,0
BMTS.MC,D,20090827,000000,25.27,25.65,24.96,25.20,459900,0
BMTS.MC,D,20090828,000000,25.59,26.05,25.34,25.71,598700,0
BMTS.MC,D,20090831,000000,25.38,25.46,24.94,25.04,640400,0
BMTS.MC,D,20090901,000000,25.40,25.40,24.45,24.50,1028000,0
BMTS.MC,D,20090902,000000,24.35,24.45,23.90,24.17,881900,0
BMTS.MC,D,20090903,000000,24.33,24.85,24.17,24.28,544000,0
BMTS.MC,D,20090904,000000,24.75,25.02,24.45,24.69,620000,0
BMTS.MC,D,20090907,000000,25.10,25.64,25.09,25.58,669400,0
BMTS.MC,D,20090908,000000,25.66,26.11,25.37,25.72,787000,0
BMTS.MC,D,20090909,000000,25.80,26.35,25.60,26.06,753900,0
BMTS.MC,D,20090910,000000,26.35,26.44,25.60,26.02,511000,0
BMTS.MC,D,20090911,000000,26.30,27.58,26.26,27.35,1056400,0
BMTS.MC,D,20090914,000000,27.01,27.47,26.64,27.40,714200,0
BMTS.MC,D,20090915,000000,27.87,28.40,27.78,28.07,920000,0
BMTS.MC,D,20090916,000000,28.50,28.80,28.34,28.46,563700,0
BMTS.MC,D,20090917,000000,28.72,28.80,27.42,27.93,1220100,0
BMTS.MC,D,20090918,000000,27.65,27.90,27.49,27.54,558900,0
BMTS.MC,D,20090921,000000,27.40,27.40,26.10,26.50,1337000,0
BMTS.MC,D,20090922,000000,26.70,27.17,26.63,26.79,776400,0
BMTS.MC,D,20090923,000000,26.88,27.14,26.72,26.90,456500,0
BMTS.MC,D,20090924,000000,26.72,27.15,26.06,26.10,827300,0
BMTS.MC,D,20090925,000000,26.30,26.40,25.25,25.27,1014700,0
BMTS.MC,D,20090928,000000,25.35,26.30,24.81,26.30,932600,0
BMTS.MC,D,20090929,000000,26.45,26.48,25.65,25.99,810000,0
BMTS.MC,D,20090930,000000,25.99,26.29,25.36,25.59,730300,0
BMTS.MC,D,20091001,000000,25.52,25.84,24.33,24.49,1345100,0
BMTS.MC,D,20091002,000000,24.24,24.24,23.18,23.71,1739800,0
BMTS.MC,D,20091005,000000,24.15,24.36,23.80,23.99,813700,0
BMTS.MC,D,20091006,000000,24.35,24.90,24.30,24.75,883000,0
BMTS.MC,D,20091007,000000,24.70,25.12,24.52,24.71,481400,0
BMTS.MC,D,20091008,000000,25.55,25.98,25.36,25.73,1039500,0
BMTS.MC,D,20091009,000000,25.66,26.00,25.39,25.45,429700,0
BMTS.MC,D,20091012,000000,25.80,26.10,25.59,25.71,329400,0
BMTS.MC,D,20091013,000000,25.79,26.37,25.51,25.83,831600,0
BMTS.MC,D,20091014,000000,26.35,27.16,26.35,27.08,1340600,0
BMTS.MC,D,20091015,000000,27.14,27.23,26.65,27.09,580000,0
BMTS.MC,D,20091016,000000,27.25,27.37,26.17,26.50,755400,0
BMTS.MC,D,20091019,000000,26.68,26.90,26.20,26.66,451600,0
BMTS.MC,D,20091020,000000,26.94,26.97,26.08,26.15,442200,0
BMTS.MC,D,20091021,000000,26.30,26.50,25.31,26.40,715800,0
BMTS.MC,D,20091022,000000,25.90,25.90,25.35,25.61,715100,0
BMTS.MC,D,20091023,000000,26.00,26.24,25.39,25.50,570900,0
BMTS.MC,D,20091026,000000,25.70,26.09,25.14,25.30,404200,0
BMTS.MC,D,20091027,000000,25.30,25.44,24.37,24.51,955100,0
BMTS.MC,D,20091028,000000,23.95,24.14,22.92,23.42,1591400,0
BMTS.MC,D,20091029,000000,23.40,24.31,23.02,24.18,921300,0
BMTS.MC,D,20091030,000000,24.46,24.56,22.75,23.00,993300,0
BMTS.MC,D,20091102,000000,22.94,23.57,22.67,23.32,722200,0
BMTS.MC,D,20091103,000000,22.75,22.96,22.36,22.70,759300,0
BMTS.MC,D,20091104,000000,23.10,24.04,22.90,23.78,554500,0
BMTS.MC,D,20091105,000000,23.26,23.95,22.77,23.70,933000,0
BMTS.MC,D,20091106,000000,23.85,24.05,23.14,23.73,666900,0
BMTS.MC,D,20091109,000000,23.92,24.61,23.92,24.54,545600,0
BMTS.MC,D,20091110,000000,24.40,24.63,24.09,24.16,425000,0
BMTS.MC,D,20091111,000000,24.63,25.19,24.63,24.95,853200,0
BMTS.MC,D,20091113,000000,24.71,24.94,24.55,24.90,544000,0
BMTS.MC,D,20091116,000000,25.40,26.03,25.23,26.00,974700,0
BMTS.MC,D,20091117,000000,25.93,25.95,25.57,25.64,506800,0
BMTS.MC,D,20091118,000000,25.99,26.29,25.74,26.02,701700,0
BMTS.MC,D,20091119,000000,25.77,25.85,25.25,25.41,493300,0
BMTS.MC,D,20091120,000000,25.55,25.95,25.00,25.30,575200,0
BMTS.MC,D,20091123,000000,25.83,26.37,25.75,26.11,636400,0
BMTS.MC,D,20091124,000000,25.82,26.50,25.51,26.03,517000,0
BMTS.MC,D,20091125,000000,26.49,26.69,26.10,26.36,647900,0
BMTS.MC,D,20091126,000000,26.10,26.12,24.84,24.92,1015000,0
BMTS.MC,D,20091127,000000,24.20,26.02,24.00,25.92,1210700,0
BMTS.MC,D,20091130,000000,26.11,26.48,25.65,25.98,683100,0
BMTS.MC,D,20091201,000000,26.31,26.66,26.28,26.60,715100,0
BMTS.MC,D,20091202,000000,26.64,27.24,26.56,27.03,929500,0
BMTS.MC,D,20091204,000000,26.78,27.60,26.66,27.00,582400,0
BMTS.MC,D,20091207,000000,27.00,27.20,26.55,27.03,274500,0
BMTS.MC,D,20091209,000000,26.74,27.33,26.53,27.20,646900,0
BMTS.MC,D,20091211,000000,28.25,28.75,28.21,28.73,670500,0
BMTS.MC,D,20091214,000000,28.84,29.20,28.41,28.55,345300,0
BMTS.MC,D,20091215,000000,28.97,29.55,28.87,29.38,640800,0
BMTS.MC,D,20091216,000000,29.45,30.05,29.42,30.05,528600,0
BMTS.MC,D,20091217,000000,29.78,30.45,29.55,30.20,588500,0
BMTS.MC,D,20091218,000000,30.40,30.54,29.75,29.75,456000,0